Week End,Age Group,Race/Ethnicity,Population Size,1st Dose,1st Dose Percent,Vaccine Series Completed,Vaccine Series Completed Percent,Boosted,Boosted Percent,Bivalent,Bivalent Percent
12/19/20,0-4,Latinx,54903,0,0,0,0,0,0,0,0
12/19/20,0-4,"Black, non-Latinx",47946,0,0,0,0,0,0,0,0
12/19/20,0-4,"White, non-Latinx",42995,0,0,0,0,0,0,0,0
12/19/20,0-4,"Asian, non-Latinx",9998,0,0,0,0,0,0,0,0
12/19/20,0-4,"Other, non-Latinx",6925,0,0,0,0,0,0,0,0
12/19/20,0-4,Unknown,,0,,0,,0,,0,
12/19/20,0-4,All,162797,0,0,0,0,0,0,0,0
11/6/21,30-49,"White, non-Latinx",310259,222445,0.7,212298,0.7,36329,0.1,0,0
12/19/20,18-29,"Black, non-Latinx",139472,107,0,0,0,0,0,0,0
4/24/21,11-May,"Black, non-Latinx",66458,0,0,0,0,0,0,0,0
10/9/21,11-May,Latinx,83432,0,0,0,0,0,0,0,0
12/10/22,65+,"Black, non-Latinx",125967,95075,0.8,88242,0.7,70420,0.6,39196,0.3
6/18/22,30-49,"Asian, non-Latinx",64910,54418,0.8,49891,0.8,34806,0.5,0,0
12/19/20,30-49,"Black, non-Latinx",197825,360,0,0,0,0,0,0,0
6/12/21,30-49,Latinx,226340,144857,0.6,129431,0.6,0,0,0,0
12/24/22,17-Dec,Unknown,,3417,,2536,,743,,359,
7/17/21,30-49,"Asian, non-Latinx",64910,46912,0.7,44447,0.7,0,0,0,0
9/10/22,0-4,"Asian, non-Latinx",9998,1709,0.2,519,0.1,2,0,0,0
7/1/23,17-Dec,Latinx,76627,70831,0.9,63134,0.8,20533,0.3,11922,0.2
7/17/21,11-May,"White, non-Latinx",43777,0,0,0,0,0,0,0,0
6/25/22,17-Dec,"Asian, non-Latinx",8804,7943,0.9,7478,0.8,3269,0.4,0,0
12/26/20,65+,"Asian, non-Latinx",26955,115,0,0,0,0,0,0,0
12/19/20,65+,Latinx,71039,23,0,0,0,0,0,0,0
12/19/20,65+,"White, non-Latinx",135462,270,0,0,0,0,0,0,0
10/22/22,65+,Unknown,,11487,,8858,,4146,,918,
12/26/20,0-4,Latinx,54903,0,0,0,0,0,0,0,0
12/26/20,0-4,"Black, non-Latinx",47946,0,0,0,0,0,0,0,0
12/26/20,0-4,"White, non-Latinx",42995,0,0,0,0,0,0,0,0
12/26/20,0-4,"Asian, non-Latinx",9998,0,0,0,0,0,0,0,0
12/26/20,0-4,"Other, non-Latinx",6925,0,0,0,0,0,0,0,0
12/26/20,0-4,Unknown,,0,,0,,0,,0,
12/26/20,0-4,All,162797,0,0,0,0,0,0,0,0
11/26/22,18-29,All,526788,445193,0.8,374216,0.7,161549,0.3,51537,0.1
12/17/22,18-29,Unknown,,21032,,15071,,3617,,2095,
8/12/23,65+,"White, non-Latinx",135462,103938,0.8,97457,0.7,80738,0.6,65700,0.5
3/20/21,17-Dec,"Asian, non-Latinx",8804,73,0,29,0,0,0,0,0
12/24/22,50-64,"White, non-Latinx",149921,119714,0.8,112891,0.8,82699,0.6,50274,0.3
10/22/22,65+,All,362629,294136,0.8,273350,0.8,218654,0.6,79035,0.2
8/6/22,17-Dec,"Asian, non-Latinx",8804,7982,0.9,7499,0.9,3490,0.4,0,0
4/1/23,11-May,All,210448,119261,0.6,103794,0.5,21229,0.1,19803,0.1
6/17/23,50-64,"White, non-Latinx",149921,119995,0.8,112922,0.8,82706,0.6,55778,0.4
7/24/21,65+,"Black, non-Latinx",125967,82665,0.7,77279,0.6,0,0,0,0
11/19/22,0-4,"White, non-Latinx",42995,11286,0.3,8049,0.2,12,0,0,0
5/15/21,65+,"Black, non-Latinx",125967,76903,0.6,69410,0.6,0,0,0,0
3/4/23,0-4,"Asian, non-Latinx",9998,2673,0.3,1512,0.2,5,0,426,0
9/10/22,11-May,"Black, non-Latinx",66458,23684,0.4,19081,0.3,2121,0,0,0
1/16/21,11-May,"White, non-Latinx",43777,0,0,0,0,0,0,0,0
12/17/22,17-Dec,Latinx,76627,69823,0.9,62912,0.8,20503,0.3,6805,0.1
12/17/22,17-Dec,All,180859,147061,0.8,130741,0.7,44537,0.2,17553,0.1
1/14/23,0-4,Latinx,54903,7073,0.1,2800,0.1,19,0,260,0
12/31/22,30-49,"Other, non-Latinx",10186,31498,1,26019,1,9770,1,4000,0.4
7/23/22,30-49,"White, non-Latinx",310259,237556,0.8,221699,0.7,154312,0.5,0,0
6/4/22,50-64,Unknown,,15513,,12648,,4507,,0,
5/22/21,65+,"White, non-Latinx",135462,90587,0.7,85581,0.6,0,0,0,0
7/22/23,50-64,"White, non-Latinx",149921,120018,0.8,112922,0.8,82707,0.6,55943,0.4
11/6/21,30-49,"Black, non-Latinx",197825,108243,0.5,96779,0.5,6361,0,0,0
1/2/21,0-4,Latinx,54903,0,0,0,0,0,0,0,0
1/2/21,0-4,"Black, non-Latinx",47946,0,0,0,0,0,0,0,0
1/2/21,0-4,"White, non-Latinx",42995,0,0,0,0,0,0,0,0
1/2/21,0-4,"Asian, non-Latinx",9998,0,0,0,0,0,0,0,0
1/2/21,0-4,"Other, non-Latinx",6925,0,0,0,0,0,0,0,0
1/2/21,0-4,Unknown,,0,,0,,0,,0,
1/2/21,0-4,All,162797,0,0,0,0,0,0,0,0
4/29/23,65+,"Other, non-Latinx",3206,8436,1,6963,1,4458,1,3038,0.9
10/29/22,18-29,"White, non-Latinx",187581,149744,0.8,127742,0.7,67814,0.4,19380,0.1
10/29/22,17-Dec,"Other, non-Latinx",3047,5331,1,4200,1,967,0.3,196,0.1
12/3/22,11-May,"Black, non-Latinx",66458,24299,0.4,19601,0.3,2479,0,1057,0
8/12/23,17-Dec,Unknown,,3465,,2541,,745,,514,
2/18/23,18-29,"White, non-Latinx",187581,152013,0.8,127845,0.7,67836,0.4,35025,0.2
7/10/21,50-64,Unknown,,11642,,10127,,0,,0,
11/5/22,65+,"White, non-Latinx",135462,103185,0.8,97412,0.7,80719,0.6,48826,0.4
9/11/21,11-May,"Other, non-Latinx",6225,0,0,0,0,0,0,0,0
7/16/22,11-May,Latinx,83432,46995,0.6,41196,0.5,2817,0,0,0
9/25/21,11-May,Unknown,,0,,0,,0,,0,
3/4/23,30-49,Latinx,226340,202782,0.9,181578,0.8,90492,0.4,34937,0.2
1/2/21,65+,"Black, non-Latinx",125967,691,0,0,0,0,0,0,0
5/20/23,30-49,Unknown,,33668,,25614,,7813,,4539,
5/8/21,17-Dec,"White, non-Latinx",35643,4641,0.1,2099,0.1,0,0,0,0
12/4/21,30-49,All,809519,623977,0.8,577230,0.7,147302,0.2,0,0
1/9/21,0-4,Latinx,54903,0,0,0,0,0,0,0,0
1/9/21,0-4,"Black, non-Latinx",47946,0,0,0,0,0,0,0,0
1/9/21,0-4,"White, non-Latinx",42995,0,0,0,0,0,0,0,0
1/9/21,0-4,"Asian, non-Latinx",9998,0,0,0,0,0,0,0,0
1/9/21,0-4,"Other, non-Latinx",6925,0,0,0,0,0,0,0,0
1/9/21,0-4,Unknown,,0,,0,,0,,0,
1/9/21,0-4,All,162797,0,0,0,0,0,0,0,0
5/28/22,30-49,"Other, non-Latinx",10186,30531,1,25785,1,9434,0.9,0,0
9/2/23,17-Dec,Unknown,,3469,,2541,,745,,525,
12/31/22,11-May,"White, non-Latinx",43777,27707,0.6,25843,0.6,8391,0.2,6597,0.2
7/9/22,50-64,Latinx,114048,106319,0.9,99375,0.9,66164,0.6,0,0
10/9/21,18-29,"Other, non-Latinx",11506,17025,1,14253,1,193,0,0,0
7/1/23,0-4,"Other, non-Latinx",6925,1456,0.2,669,0.1,0,0,441,0.1
4/17/21,30-49,Unknown,,15565,,9085,,0,,0,
2/27/21,50-64,Unknown,,2686,,1245,,0,,0,
8/7/21,65+,"Black, non-Latinx",125967,83652,0.7,77979,0.6,0,0,0,0
10/23/21,65+,"Black, non-Latinx",125967,87370,0.7,82023,0.7,13851,0.1,0,0
11/5/22,11-May,"Asian, non-Latinx",10651,8117,0.8,7546,0.7,2069,0.2,515,0
10/29/22,30-49,"White, non-Latinx",310259,240248,0.8,222035,0.7,155059,0.5,62490,0.2
1/7/23,11-May,"Black, non-Latinx",66458,24438,0.4,19715,0.3,2490,0,1589,0
2/11/23,17-Dec,"Black, non-Latinx",57964,34134,0.6,29472,0.5,6754,0.1,3280,0.1
6/11/22,11-May,All,210448,110272,0.5,96379,0.5,5231,0,0,0
6/24/23,0-4,"White, non-Latinx",42995,13374,0.3,9554,0.2,36,0,4490,0.1
8/19/23,0-4,"Other, non-Latinx",6925,1531,0.2,669,0.1,0,0,567,0.1
1/9/21,17-Dec,"White, non-Latinx",35643,5,0,2,0,0,0,0,0
1/16/21,0-4,Latinx,54903,0,0,0,0,0,0,0,0
1/16/21,0-4,"Black, non-Latinx",47946,0,0,0,0,0,0,0,0
1/16/21,0-4,"White, non-Latinx",42995,0,0,0,0,0,0,0,0
1/16/21,0-4,"Asian, non-Latinx",9998,0,0,0,0,0,0,0,0
1/16/21,0-4,"Other, non-Latinx",6925,0,0,0,0,0,0,0,0
1/16/21,0-4,Unknown,,0,,0,,0,,0,
1/16/21,0-4,All,162797,0,0,0,0,0,0,0,0
5/28/22,18-29,All,526788,431406,0.8,369744,0.7,154166,0.3,0,0
7/16/22,65+,All,362629,290020,0.8,272362,0.8,215471,0.6,0,0
7/8/23,65+,"Other, non-Latinx",3206,8455,1,6963,1,4460,1,3125,1
2/20/21,18-29,"Other, non-Latinx",11506,1675,0.1,990,0.1,0,0,0,0
5/27/23,11-May,Unknown,,4004,,3065,,670,,669,
7/24/21,65+,"White, non-Latinx",135462,93279,0.7,89929,0.7,0,0,0,0
5/21/22,30-49,"Other, non-Latinx",10186,30508,1,25776,1,9394,0.9,0,0
12/10/22,50-64,Unknown,,16389,,12778,,4705,,1669,
8/27/22,30-49,"Asian, non-Latinx",64910,54601,0.8,49988,0.8,35282,0.5,0,0
11/13/21,65+,"Black, non-Latinx",125967,88325,0.7,83132,0.7,28851,0.2,0,0
2/4/23,30-49,Latinx,226340,202409,0.9,181532,0.8,90487,0.4,32932,0.1
9/25/21,18-29,All,526788,348146,0.7,312580,0.6,1365,0,0,0
6/18/22,30-49,"Other, non-Latinx",10186,30594,1,25832,1,9509,0.9,0,0
6/4/22,65+,Latinx,71039,56146,0.8,52562,0.7,41368,0.6,0,0
11/26/22,18-29,"Other, non-Latinx",11506,22764,1,17416,1,5044,0.4,1512,0.1
9/16/23,17-Dec,"Other, non-Latinx",3047,5437,1,4226,1,970,0.3,555,0.2
6/26/21,17-Dec,Latinx,76627,31507,0.4,23349,0.3,0,0,0,0
8/26/23,11-May,"Black, non-Latinx",66458,25008,0.4,19969,0.3,2511,0,3184,0
12/31/22,50-64,All,439599,404704,0.9,372258,0.8,246808,0.6,119231,0.3
11/6/21,65+,Unknown,,9732,,8167,,952,,0,
1/23/21,0-4,Latinx,54903,0,0,0,0,0,0,0,0
1/23/21,0-4,"Black, non-Latinx",47946,0,0,0,0,0,0,0,0
1/23/21,0-4,"White, non-Latinx",42995,0,0,0,0,0,0,0,0
1/23/21,0-4,"Asian, non-Latinx",9998,0,0,0,0,0,0,0,0
1/23/21,0-4,"Other, non-Latinx",6925,0,0,0,0,0,0,0,0
1/23/21,0-4,Unknown,,0,,0,,0,,0,
1/23/21,0-4,All,162797,0,0,0,0,0,0,0,0
2/26/22,65+,"White, non-Latinx",135462,100895,0.7,95147,0.7,76200,0.6,0,0
12/10/22,30-49,"Other, non-Latinx",10186,31427,1,26005,1,9767,1,3666,0.4
1/29/22,18-29,All,526788,415157,0.8,351202,0.7,129075,0.2,0,0
9/3/22,18-29,"Asian, non-Latinx",41068,42530,1,35871,0.9,20828,0.5,10,0
3/20/21,30-49,Latinx,226340,56127,0.2,25017,0.1,0,0,0,0
6/11/22,30-49,Latinx,226340,198169,0.9,180591,0.8,87891,0.4,0,0
9/17/22,18-29,Latinx,147161,130511,0.9,115322,0.8,45763,0.3,1018,0
3/12/22,65+,"Black, non-Latinx",125967,91643,0.7,86531,0.7,63538,0.5,0,0
8/27/22,0-4,"Other, non-Latinx",6925,597,0.1,123,0,0,0,0,0
8/20/22,50-64,"White, non-Latinx",149921,118440,0.8,112778,0.8,82540,0.6,0,0
12/25/21,18-29,All,526788,387207,0.7,339774,0.6,83747,0.2,0,0
8/6/22,65+,"Asian, non-Latinx",26955,20152,0.7,18934,0.7,15915,0.6,0,0
7/9/22,65+,All,362629,289824,0.8,272170,0.8,214879,0.6,0,0
8/27/22,30-49,All,809519,684093,0.8,622527,0.8,346497,0.4,0,0
6/10/23,11-May,Unknown,,4010,,3065,,670,,688,
4/29/23,11-May,All,210448,119552,0.6,103919,0.5,21242,0.1,20838,0.1
12/4/21,50-64,Unknown,,13587,,11652,,1677,,0,
4/8/23,0-4,"Asian, non-Latinx",9998,2740,0.3,1550,0.2,6,0,573,0.1
6/24/23,50-64,All,439599,406870,0.9,372641,0.8,246912,0.6,142171,0.3
3/26/22,50-64,Unknown,,15233,,12548,,4275,,0,
10/22/22,50-64,"Other, non-Latinx",3063,14183,1,11861,1,5458,1,1164,0.4
8/7/21,30-49,"White, non-Latinx",310259,211523,0.7,201979,0.7,0,0,0,0
1/30/21,0-4,Latinx,54903,0,0,0,0,0,0,0,0
1/30/21,0-4,"Black, non-Latinx",47946,0,0,0,0,0,0,0,0
1/30/21,0-4,"White, non-Latinx",42995,0,0,0,0,0,0,0,0
1/30/21,0-4,"Asian, non-Latinx",9998,0,0,0,0,0,0,0,0
1/30/21,0-4,"Other, non-Latinx",6925,0,0,0,0,0,0,0,0
1/30/21,0-4,Unknown,,0,,0,,0,,0,
1/30/21,0-4,All,162797,0,0,0,0,0,0,0,0
1/2/21,50-64,Unknown,,398,,0,,0,,0,
7/1/23,18-29,"White, non-Latinx",187581,152397,0.8,127895,0.7,67844,0.4,36814,0.2
8/13/22,65+,"White, non-Latinx",135462,101951,0.8,97314,0.7,80514,0.6,0,0
6/10/23,50-64,Unknown,,16702,,12793,,4707,,2304,
5/22/21,30-49,All,809519,484891,0.6,422671,0.5,0,0,0,0
8/26/23,50-64,Latinx,114048,108730,1,99810,0.9,67538,0.6,34640,0.3
4/15/23,18-29,"Black, non-Latinx",139472,76633,0.5,63382,0.5,18445,0.1,7627,0.1
8/13/22,30-49,"Other, non-Latinx",10186,30743,1,25915,1,9704,1,0,0
4/16/22,50-64,"Black, non-Latinx",145449,117796,0.8,110078,0.8,63085,0.4,0,0
9/9/23,17-Dec,All,180859,149140,0.8,131167,0.7,44597,0.2,28448,0.2
7/31/21,18-29,All,526788,315875,0.6,285591,0.5,0,0,0,0
3/25/23,30-49,All,809519,699434,0.9,625460,0.8,347260,0.4,184631,0.2
2/11/23,11-May,All,210448,118716,0.6,103389,0.5,21201,0.1,17657,0.1
11/6/21,65+,Latinx,71039,52786,0.7,50081,0.7,12752,0.2,0,0
7/15/23,11-May,All,210448,120330,0.6,103927,0.5,21261,0.1,23452,0.1
7/22/23,17-Dec,"Asian, non-Latinx",8804,8079,0.9,7534,0.9,3610,0.4,1771,0.2
4/30/22,30-49,"Asian, non-Latinx",64910,54231,0.8,49771,0.8,34197,0.5,0,0
2/6/21,0-4,Latinx,54903,0,0,0,0,0,0,0,0
2/6/21,0-4,"Black, non-Latinx",47946,0,0,0,0,0,0,0,0
2/6/21,0-4,"White, non-Latinx",42995,0,0,0,0,0,0,0,0
2/6/21,0-4,"Asian, non-Latinx",9998,0,0,0,0,0,0,0,0
2/6/21,0-4,"Other, non-Latinx",6925,0,0,0,0,0,0,0,0
2/6/21,0-4,Unknown,,0,,0,,0,,0,
2/6/21,0-4,All,162797,0,0,0,0,0,0,0,0
12/17/22,18-29,"Asian, non-Latinx",41068,43833,1,35949,0.9,20839,0.5,7901,0.2
10/16/21,30-49,"Black, non-Latinx",197825,104787,0.5,92111,0.5,2467,0,0,0
1/15/22,65+,"White, non-Latinx",135462,100497,0.7,94640,0.7,72931,0.5,0,0
6/26/21,65+,Unknown,,8873,,7444,,0,,0,
3/6/21,18-29,Latinx,147161,16111,0.1,7242,0,0,0,0,0
12/24/22,50-64,All,439599,404525,0.9,372235,0.8,246802,0.6,116532,0.3
2/11/23,30-49,"Asian, non-Latinx",64910,55770,0.9,50087,0.8,35301,0.5,18322,0.3
2/20/21,50-64,"Asian, non-Latinx",27117,3812,0.1,1928,0.1,0,0,0,0
9/24/22,65+,Unknown,,11274,,8852,,4137,,274,
7/30/22,0-4,All,162797,12878,0.1,1845,0,0,0,0,0
5/20/23,0-4,"White, non-Latinx",42995,13180,0.3,9554,0.2,34,0,3762,0.1
4/15/23,17-Dec,"Black, non-Latinx",57964,34239,0.6,29545,0.5,6762,0.1,3735,0.1
3/12/22,18-29,All,526788,426246,0.8,365448,0.7,144990,0.3,0,0
6/25/22,11-May,Latinx,83432,46592,0.6,40882,0.5,1740,0,0,0
1/23/21,18-29,"White, non-Latinx",187581,11900,0.1,4936,0,0,0,0,0
2/13/21,0-4,Latinx,54903,0,0,0,0,0,0,0,0
2/13/21,0-4,"Black, non-Latinx",47946,0,0,0,0,0,0,0,0
2/13/21,0-4,"White, non-Latinx",42995,0,0,0,0,0,0,0,0
2/13/21,0-4,"Asian, non-Latinx",9998,0,0,0,0,0,0,0,0
2/13/21,0-4,"Other, non-Latinx",6925,0,0,0,0,0,0,0,0
2/13/21,0-4,Unknown,,0,,0,,0,,0,
2/13/21,0-4,All,162797,0,0,0,0,0,0,0,0
6/18/22,50-64,Latinx,114048,106183,0.9,99265,0.9,65697,0.6,0,0
3/20/21,50-64,"White, non-Latinx",149921,46884,0.3,24480,0.2,0,0,0,0
3/18/23,18-29,All,526788,450311,0.9,375481,0.7,161637,0.3,73120,0.1
5/1/21,18-29,"Asian, non-Latinx",41068,27556,0.7,17301,0.4,0,0,0,0
3/18/23,65+,All,362629,298009,0.8,273658,0.8,218844,0.6,154378,0.4
1/2/21,50-64,"White, non-Latinx",149921,3440,0,0,0,0,0,0,0
8/28/21,11-May,All,210448,0,0,0,0,0,0,0,0
1/15/22,30-49,"Asian, non-Latinx",64910,53008,0.8,48906,0.8,29064,0.4,0,0
6/19/21,65+,"Asian, non-Latinx",26955,17740,0.7,16758,0.6,0,0,0,0
9/16/23,18-29,"Asian, non-Latinx",41068,44310,1,35980,0.9,20845,0.5,10270,0.2
2/11/23,50-64,Unknown,,16579,,12783,,4706,,2072,
9/18/21,50-64,"Black, non-Latinx",145449,104279,0.7,95559,0.7,827,0,0,0
9/16/23,0-4,Latinx,54903,9438,0.2,3250,0.1,30,0,3499,0.1
10/15/22,17-Dec,Latinx,76627,69395,0.9,62783,0.8,20474,0.3,2194,0
3/18/23,30-49,"Black, non-Latinx",197825,133114,0.7,119778,0.6,48777,0.2,20938,0.1
7/17/21,11-May,"Other, non-Latinx",6225,0,0,0,0,0,0,0,0
10/30/21,50-64,Unknown,,12972,,11371,,534,,0,
1/28/23,18-29,Latinx,147161,132712,0.9,115721,0.8,45837,0.3,14079,0.1
6/10/23,50-64,All,439599,406775,0.9,372641,0.8,246906,0.6,141649,0.3
2/20/21,0-4,Latinx,54903,0,0,0,0,0,0,0,0
2/20/21,0-4,"Black, non-Latinx",47946,0,0,0,0,0,0,0,0
2/20/21,0-4,"White, non-Latinx",42995,0,0,0,0,0,0,0,0
2/20/21,0-4,"Asian, non-Latinx",9998,0,0,0,0,0,0,0,0
2/20/21,0-4,"Other, non-Latinx",6925,0,0,0,0,0,0,0,0
2/20/21,0-4,Unknown,,0,,0,,0,,0,
2/20/21,0-4,All,162797,0,0,0,0,0,0,0,0
2/26/22,65+,"Black, non-Latinx",125967,91525,0.7,86330,0.7,62674,0.5,0,0
12/24/22,0-4,All,162797,27305,0.2,16044,0.1,39,0,452,0
9/16/23,50-64,"White, non-Latinx",149921,120054,0.8,112924,0.8,82709,0.6,56148,0.4
5/8/21,18-29,"Black, non-Latinx",139472,25197,0.2,16284,0.1,0,0,0,0
2/27/21,30-49,"White, non-Latinx",310259,50829,0.2,30017,0.1,0,0,0,0
1/29/22,30-49,"Other, non-Latinx",10186,29729,1,24836,1,8053,0.8,0,0
10/1/22,18-29,Unknown,,19940,,15026,,3609,,536,
9/16/23,0-4,"Asian, non-Latinx",9998,3031,0.3,1557,0.2,6,0,1270,0.1
5/6/23,30-49,"Black, non-Latinx",197825,133464,0.7,119959,0.6,48786,0.2,22139,0.1
1/21/23,65+,Latinx,71039,57623,0.8,53067,0.7,43045,0.6,23413,0.3
2/4/23,50-64,Unknown,,16572,,12783,,4706,,2045,
3/4/23,18-29,"Black, non-Latinx",139472,76275,0.5,63125,0.5,18435,0.1,7104,0.1
1/21/23,0-4,"Asian, non-Latinx",9998,2542,0.3,1448,0.1,5,0,214,0
5/20/23,50-64,"Other, non-Latinx",3063,14442,1,11890,1,5464,1,2843,0.9
1/22/22,11-May,Latinx,83432,36543,0.4,23727,0.3,96,0,0,0
3/19/22,18-29,"Other, non-Latinx",11506,21757,1,17049,1,4531,0.4,0,0
2/12/22,65+,"Other, non-Latinx",3206,7836,1,6696,1,3845,1,0,0
3/27/21,18-29,"Other, non-Latinx",11506,3620,0.3,1922,0.2,0,0,0,0
12/31/22,50-64,"White, non-Latinx",149921,119734,0.8,112893,0.8,82699,0.6,50980,0.3
9/4/21,18-29,Latinx,147161,101888,0.7,90818,0.6,156,0,0,0
9/24/22,30-49,Latinx,226340,199542,0.9,181184,0.8,90410,0.4,4789,0
7/1/23,65+,Unknown,,11908,,8875,,4150,,2286,
6/3/23,11-May,"Asian, non-Latinx",10651,8270,0.8,7660,0.7,2077,0.2,1934,0.2
2/27/21,0-4,Latinx,54903,0,0,0,0,0,0,0,0
2/27/21,0-4,"Black, non-Latinx",47946,0,0,0,0,0,0,0,0
2/27/21,0-4,"White, non-Latinx",42995,0,0,0,0,0,0,0,0
2/27/21,0-4,"Asian, non-Latinx",9998,0,0,0,0,0,0,0,0
2/27/21,0-4,"Other, non-Latinx",6925,0,0,0,0,0,0,0,0
2/27/21,0-4,Unknown,,0,,0,,0,,0,
2/27/21,0-4,All,162797,0,0,0,0,0,0,0,0
4/3/21,18-29,"Black, non-Latinx",139472,12830,0.1,5598,0,0,0,0,0
2/13/21,18-29,All,526788,41158,0.1,20691,0,0,0,0,0
8/27/22,65+,Unknown,,11159,,8839,,4123,,0,
7/29/23,50-64,"Black, non-Latinx",145449,121263,0.8,112014,0.8,69266,0.5,38496,0.3
1/14/23,30-49,Latinx,226340,202154,0.9,181488,0.8,90479,0.4,31116,0.1
5/29/21,50-64,"Black, non-Latinx",145449,86459,0.6,74659,0.5,0,0,0,0
6/24/23,0-4,Unknown,,2913,,1977,,7,,994,
4/1/23,0-4,Unknown,,2753,,1954,,6,,509,
2/4/23,50-64,"White, non-Latinx",149921,119835,0.8,112907,0.8,82702,0.6,53396,0.4
8/26/23,65+,Latinx,71039,57947,0.8,53089,0.7,43058,0.6,28307,0.4
10/9/21,30-49,Unknown,,24739,,21860,,524,,0,
11/20/21,65+,Latinx,71039,53273,0.8,50448,0.7,19274,0.3,0,0
2/4/23,0-4,Unknown,,2623,,1880,,6,,260,
7/31/21,30-49,"Black, non-Latinx",197825,83690,0.4,74095,0.4,0,0,0,0
9/2/23,18-29,Unknown,,21578,,15097,,3621,,2778,
9/3/22,11-May,"Other, non-Latinx",6225,3869,0.6,3210,0.5,440,0.1,0,0
4/2/22,50-64,All,439599,394404,0.9,366660,0.8,229776,0.5,0,0
12/18/21,30-49,All,809519,632924,0.8,582504,0.7,202366,0.2,0,0
3/6/21,0-4,Latinx,54903,0,0,0,0,0,0,0,0
3/6/21,0-4,"Black, non-Latinx",47946,0,0,0,0,0,0,0,0
3/6/21,0-4,"White, non-Latinx",42995,0,0,0,0,0,0,0,0
3/6/21,0-4,"Asian, non-Latinx",9998,0,0,0,0,0,0,0,0
3/6/21,0-4,"Other, non-Latinx",6925,0,0,0,0,0,0,0,0
3/6/21,0-4,Unknown,,0,,0,,0,,0,
3/6/21,0-4,All,162797,0,0,0,0,0,0,0,0
2/13/21,18-29,"Other, non-Latinx",11506,1540,0.1,858,0.1,0,0,0,0
12/4/21,65+,All,362629,279055,0.8,261734,0.7,141925,0.4,0,0
4/9/22,50-64,"Black, non-Latinx",145449,117703,0.8,109966,0.8,62655,0.4,0,0
4/24/21,30-49,"Other, non-Latinx",10186,13963,1,8204,0.8,0,0,0,0
6/4/22,50-64,Latinx,114048,106058,0.9,99205,0.9,65344,0.6,0,0
4/8/23,18-29,Unknown,,21415,,15093,,3620,,2566,
9/3/22,65+,"Asian, non-Latinx",26955,20183,0.7,18958,0.7,15979,0.6,12,0
5/1/21,18-29,Latinx,147161,65154,0.4,42544,0.3,0,0,0,0
2/4/23,30-49,Unknown,,33410,,25586,,7811,,4190,
2/20/21,50-64,Unknown,,2238,,1062,,0,,0,
8/6/22,17-Dec,"Black, non-Latinx",57964,33476,0.6,28992,0.5,6151,0.1,0,0
2/11/23,65+,"White, non-Latinx",135462,103704,0.8,97444,0.7,80735,0.6,63076,0.5
10/9/21,18-29,All,526788,353851,0.7,318816,0.6,5592,0,0,0
7/24/21,30-49,"Other, non-Latinx",10186,20407,1,18321,1,0,0,0,0
1/8/22,65+,Latinx,71039,54802,0.8,51384,0.7,33730,0.5,0,0
11/19/22,65+,"Asian, non-Latinx",26955,20430,0.8,18972,0.7,15994,0.6,7172,0.3
1/28/23,50-64,Latinx,114048,108124,0.9,99762,0.9,67520,0.6,28972,0.3
3/13/21,0-4,Latinx,54903,0,0,0,0,0,0,0,0
3/13/21,0-4,"Black, non-Latinx",47946,0,0,0,0,0,0,0,0
3/13/21,0-4,"White, non-Latinx",42995,0,0,0,0,0,0,0,0
3/13/21,0-4,"Asian, non-Latinx",9998,0,0,0,0,0,0,0,0
3/13/21,0-4,"Other, non-Latinx",6925,0,0,0,0,0,0,0,0
3/13/21,0-4,Unknown,,0,,0,,0,,0,
3/13/21,0-4,All,162797,0,0,0,0,0,0,0,0
2/5/22,30-49,"White, non-Latinx",310259,235359,0.8,219229,0.7,145046,0.5,0,0
6/11/22,30-49,"Black, non-Latinx",197825,129210,0.7,117119,0.6,45909,0.2,0,0
8/28/21,50-64,"Other, non-Latinx",3063,10783,1,9425,1,35,0,0,0
9/4/21,30-49,"Black, non-Latinx",197825,93432,0.5,81344,0.4,312,0,0,0
3/20/21,50-64,Latinx,114048,39841,0.3,16477,0.1,0,0,0,0
1/15/22,18-29,"White, non-Latinx",187581,142138,0.8,124209,0.7,54241,0.3,0,0
6/5/21,18-29,Unknown,,13092,,11064,,0,,0,
7/30/22,65+,All,362629,290348,0.8,272707,0.8,216649,0.6,0,0
8/20/22,17-Dec,"Black, non-Latinx",57964,33589,0.6,29080,0.5,6540,0.1,0,0
8/7/21,65+,Unknown,,9139,,7760,,0,,0,
8/12/23,65+,"Asian, non-Latinx",26955,20631,0.8,18983,0.7,15994,0.6,10725,0.4
5/14/22,65+,"Asian, non-Latinx",26955,19956,0.7,18734,0.7,15438,0.6,0,0
5/27/23,30-49,"White, non-Latinx",310259,242441,0.8,222269,0.7,155097,0.5,101149,0.3
10/8/22,50-64,Unknown,,15985,,12764,,4699,,578,
7/31/21,65+,Latinx,71039,50425,0.7,47825,0.7,0,0,0,0
2/11/23,50-64,"Other, non-Latinx",3063,14386,1,11878,1,5463,1,2625,0.9
7/31/21,65+,"Black, non-Latinx",125967,83064,0.7,77619,0.6,0,0,0,0
5/7/22,50-64,"Other, non-Latinx",3063,13834,1,11737,1,5110,1,0,0
6/25/22,30-49,"Asian, non-Latinx",64910,54430,0.8,49905,0.8,34871,0.5,0,0
1/2/21,50-64,All,439599,7517,0,0,0,0,0,0,0
8/5/23,11-May,Unknown,,4023,,3065,,670,,746,
3/20/21,0-4,Latinx,54903,0,0,0,0,0,0,0,0
3/20/21,0-4,"Black, non-Latinx",47946,0,0,0,0,0,0,0,0
3/20/21,0-4,"White, non-Latinx",42995,0,0,0,0,0,0,0,0
3/20/21,0-4,"Asian, non-Latinx",9998,0,0,0,0,0,0,0,0
3/20/21,0-4,"Other, non-Latinx",6925,0,0,0,0,0,0,0,0
3/20/21,0-4,Unknown,,0,,0,,0,,0,
3/20/21,0-4,All,162797,0,0,0,0,0,0,0,0
7/1/23,17-Dec,"White, non-Latinx",35643,26443,0.7,24173,0.7,11968,0.3,7627,0.2
4/24/21,18-29,"Other, non-Latinx",11506,8776,0.8,4389,0.4,0,0,0,0
10/1/22,17-Dec,All,180859,145978,0.8,130330,0.7,44459,0.2,3737,0
8/28/21,65+,"Other, non-Latinx",3206,6564,1,5903,1,44,0,0,0
10/9/21,30-49,"Other, non-Latinx",10186,25138,1,21781,1,541,0.1,0,0
5/8/21,30-49,"White, non-Latinx",310259,194326,0.6,165182,0.5,0,0,0,0
9/2/23,18-29,All,526788,453432,0.9,375808,0.7,161685,0.3,81156,0.2
9/3/22,0-4,"Other, non-Latinx",6925,616,0.1,137,0,0,0,0,0
8/6/22,65+,"Black, non-Latinx",125967,92664,0.7,87957,0.7,69659,0.6,0,0
4/30/22,50-64,"White, non-Latinx",149921,117726,0.8,111536,0.7,80096,0.5,0,0
2/6/21,30-49,Latinx,226340,13757,0.1,4483,0,0,0,0,0
4/22/23,30-49,Unknown,,33614,,25613,,7812,,4459,
1/21/23,18-29,"White, non-Latinx",187581,151822,0.8,127821,0.7,67835,0.4,34087,0.2
9/24/22,18-29,All,526788,437695,0.8,373214,0.7,161428,0.3,10837,0
3/19/22,18-29,"Black, non-Latinx",139472,70492,0.5,58549,0.4,14886,0.1,0,0
6/24/23,0-4,Latinx,54903,8761,0.2,3248,0.1,30,0,2401,0
12/31/22,0-4,Latinx,54903,6811,0.1,2691,0,17,0,111,0
7/2/22,18-29,"White, non-Latinx",187581,146804,0.8,127334,0.7,66794,0.4,0,0
5/8/21,18-29,Latinx,147161,68814,0.5,48482,0.3,0,0,0,0
10/9/21,18-29,"White, non-Latinx",187581,127923,0.7,119214,0.6,2979,0,0,0
12/10/22,18-29,All,526788,446253,0.8,374425,0.7,161565,0.3,57091,0.1
4/24/21,50-64,Unknown,,8831,,5500,,0,,0,
1/15/22,50-64,"Other, non-Latinx",3063,13359,1,11241,1,4023,1,0,0
8/14/21,17-Dec,"Asian, non-Latinx",8804,6532,0.7,5796,0.7,1,0,0,0
7/23/22,17-Dec,"Other, non-Latinx",3047,5250,1,4173,1,895,0.3,0,0
5/22/21,50-64,All,439599,308501,0.7,270399,0.6,0,0,0,0
3/27/21,0-4,Latinx,54903,0,0,0,0,0,0,0,0
3/27/21,0-4,"Black, non-Latinx",47946,0,0,0,0,0,0,0,0
3/27/21,0-4,"White, non-Latinx",42995,0,0,0,0,0,0,0,0
3/27/21,0-4,"Asian, non-Latinx",9998,0,0,0,0,0,0,0,0
3/27/21,0-4,"Other, non-Latinx",6925,0,0,0,0,0,0,0,0
3/27/21,0-4,Unknown,,0,,0,,0,,0,
3/27/21,0-4,All,162797,0,0,0,0,0,0,0,0
2/13/21,18-29,"Asian, non-Latinx",41068,4679,0.1,2944,0.1,0,0,0,0
10/1/22,0-4,"Asian, non-Latinx",9998,1872,0.2,768,0.1,2,0,0,0
6/3/23,11-May,Unknown,,4009,,3065,,670,,680,
9/25/21,30-49,Unknown,,24434,,21547,,90,,0,
3/27/21,50-64,"White, non-Latinx",149921,59123,0.4,27964,0.2,0,0,0,0
10/15/22,30-49,Latinx,226340,200205,0.9,181248,0.8,90429,0.4,11413,0
11/19/22,65+,"Other, non-Latinx",3206,8354,1,6956,1,4455,1,2190,0.7
10/2/21,18-29,"Black, non-Latinx",139472,49914,0.4,41076,0.3,226,0,0,0
2/13/21,50-64,All,439599,52451,0.1,19016,0,0,0,0,0
4/24/21,50-64,"White, non-Latinx",149921,91621,0.6,68764,0.5,0,0,0,0
6/17/23,50-64,"Asian, non-Latinx",27117,25869,1,23214,0.9,17232,0.6,8946,0.3
6/19/21,50-64,Latinx,114048,89157,0.8,82809,0.7,0,0,0,0
12/18/21,18-29,Unknown,,16559,,13884,,1759,,0,
10/9/21,50-64,Unknown,,12751,,11183,,222,,0,
7/30/22,65+,Latinx,71039,56459,0.8,52864,0.7,42469,0.6,0,0
12/31/22,0-4,Unknown,,2519,,1806,,6,,61,
12/17/22,50-64,Unknown,,16423,,12778,,4706,,1755,
11/19/22,0-4,All,162797,25212,0.2,14274,0.1,31,0,0,0
5/8/21,30-49,"Other, non-Latinx",10186,15912,1,11386,1,0,0,0,0
7/24/21,50-64,Unknown,,11821,,10346,,0,,0,
4/3/21,0-4,Latinx,54903,0,0,0,0,0,0,0,0
4/3/21,0-4,"Black, non-Latinx",47946,0,0,0,0,0,0,0,0
4/3/21,0-4,"White, non-Latinx",42995,0,0,0,0,0,0,0,0
4/3/21,0-4,"Asian, non-Latinx",9998,0,0,0,0,0,0,0,0
4/3/21,0-4,"Other, non-Latinx",6925,0,0,0,0,0,0,0,0
4/3/21,0-4,Unknown,,0,,0,,0,,0,
4/3/21,0-4,All,162797,0,0,0,0,0,0,0,0
5/13/23,18-29,All,526788,451573,0.9,375784,0.7,161653,0.3,76568,0.1
11/26/22,11-May,"Asian, non-Latinx",10651,8151,0.8,7574,0.7,2073,0.2,959,0.1
10/1/22,11-May,"White, non-Latinx",43777,27381,0.6,25548,0.6,8135,0.2,0,0
12/4/21,18-29,"Other, non-Latinx",11506,18468,1,15381,1,1375,0.1,0,0
3/11/23,65+,All,362629,297958,0.8,273651,0.8,218843,0.6,153612,0.4
2/26/22,11-May,"Asian, non-Latinx",10651,7278,0.7,6587,0.6,39,0,0,0
8/20/22,50-64,"Black, non-Latinx",145449,118952,0.8,111336,0.8,68738,0.5,0,0
7/16/22,0-4,"Asian, non-Latinx",9998,873,0.1,1,0,0,0,0,0
7/3/21,50-64,"Other, non-Latinx",3063,9462,1,8400,1,0,0,0,0
6/4/22,50-64,All,439599,396824,0.9,369466,0.8,238837,0.5,0,0
4/29/23,18-29,"Other, non-Latinx",11506,23119,1,17482,1,5047,0.4,2347,0.2
6/3/23,50-64,"Asian, non-Latinx",27117,25852,1,23214,0.9,17232,0.6,8904,0.3
3/13/21,18-29,Latinx,147161,19883,0.1,9179,0.1,0,0,0,0
6/5/21,30-49,"Black, non-Latinx",197825,72383,0.4,60343,0.3,0,0,0,0
5/8/21,65+,Latinx,71039,46797,0.7,41995,0.6,0,0,0,0
2/5/22,65+,"Black, non-Latinx",125967,91176,0.7,85862,0.7,60691,0.5,0,0
4/24/21,50-64,Latinx,114048,74235,0.7,53128,0.5,0,0,0,0
3/13/21,65+,"Other, non-Latinx",3206,3562,1,2105,0.7,0,0,0,0
1/14/23,0-4,"Asian, non-Latinx",9998,2513,0.3,1440,0.1,5,0,181,0
3/27/21,30-49,"Black, non-Latinx",197825,33082,0.2,16183,0.1,0,0,0,0
6/4/22,50-64,"White, non-Latinx",149921,118025,0.8,112180,0.7,81195,0.5,0,0
8/5/23,50-64,Unknown,,16734,,12793,,4707,,2349,
4/3/21,Unknown,"Black, non-Latinx",,8,,,,,,,
4/3/21,Unknown,"White, non-Latinx",,4,,3,,,,,
4/3/21,Unknown,All,,19,,7,,,,,
4/10/21,0-4,Latinx,54903,0,0,0,0,0,0,0,0
4/10/21,0-4,"Black, non-Latinx",47946,0,0,0,0,0,0,0,0
4/10/21,0-4,"White, non-Latinx",42995,0,0,0,0,0,0,0,0
4/10/21,0-4,"Asian, non-Latinx",9998,0,0,0,0,0,0,0,0
4/10/21,0-4,"Other, non-Latinx",6925,0,0,0,0,0,0,0,0
4/10/21,0-4,Unknown,,0,,0,,0,,0,
4/10/21,0-4,All,162797,0,0,0,0,0,0,0,0
3/26/22,30-49,"Black, non-Latinx",197825,127583,0.6,115387,0.6,42204,0.2,0,0
4/10/21,17-Dec,"Asian, non-Latinx",8804,262,0,61,0,0,0,0,0
12/31/22,65+,"Other, non-Latinx",3206,8405,1,6959,1,4457,1,2684,0.8
10/15/22,65+,"Black, non-Latinx",125967,93732,0.7,88138,0.7,70299,0.6,16624,0.1
7/29/23,0-4,Unknown,,2966,,1977,,7,,1137,
7/24/21,65+,"Asian, non-Latinx",26955,18076,0.7,17211,0.6,0,0,0,0
12/11/21,18-29,"Black, non-Latinx",139472,57729,0.4,48455,0.3,4183,0,0,0
5/7/22,50-64,"Black, non-Latinx",145449,118032,0.8,110360,0.8,64326,0.4,0,0
3/26/22,65+,Unknown,,10757,,8703,,3728,,0,
1/7/23,0-4,Latinx,54903,6925,0.1,2746,0,18,0,178,0
5/27/23,50-64,"Black, non-Latinx",145449,121159,0.8,112013,0.8,69255,0.5,37760,0.3
6/24/23,50-64,Latinx,114048,108607,1,99809,0.9,67538,0.6,34038,0.3
8/19/23,65+,Latinx,71039,57940,0.8,53089,0.7,43058,0.6,28256,0.4
4/1/23,65+,All,362629,298122,0.8,273670,0.8,218851,0.6,155720,0.4
2/20/21,65+,"Other, non-Latinx",3206,2417,0.8,856,0.3,0,0,0,0
1/16/21,50-64,Latinx,114048,2402,0,407,0,0,0,0,0
1/30/21,65+,Latinx,71039,7344,0.1,443,0,0,0,0,0
9/18/21,65+,"Asian, non-Latinx",26955,18492,0.7,17658,0.7,340,0,0,0
9/9/23,0-4,Latinx,54903,9415,0.2,3250,0.1,30,0,3471,0.1
1/7/23,50-64,"Asian, non-Latinx",27117,25697,0.9,23197,0.9,17232,0.6,7664,0.3
7/15/23,0-4,"Asian, non-Latinx",9998,2929,0.3,1557,0.2,6,0,1099,0.1
2/27/21,65+,All,362629,131159,0.4,57845,0.2,0,0,0,0
8/13/22,18-29,"Asian, non-Latinx",41068,42426,1,35840,0.9,20741,0.5,0,0
2/25/23,17-Dec,"Other, non-Latinx",3047,5395,1,4220,1,969,0.3,443,0.1
4/17/21,0-4,Latinx,54903,0,0,0,0,0,0,0,0
4/17/21,0-4,"Black, non-Latinx",47946,0,0,0,0,0,0,0,0
4/17/21,0-4,"White, non-Latinx",42995,0,0,0,0,0,0,0,0
4/17/21,0-4,"Asian, non-Latinx",9998,0,0,0,0,0,0,0,0
4/17/21,0-4,"Other, non-Latinx",6925,0,0,0,0,0,0,0,0
4/17/21,0-4,Unknown,,0,,0,,0,,0,
4/17/21,0-4,All,162797,0,0,0,0,0,0,0,0
8/19/23,50-64,"Asian, non-Latinx",27117,25901,1,23214,0.9,17232,0.6,9041,0.3
12/26/20,11-May,"Asian, non-Latinx",10651,0,0,0,0,0,0,0,0
8/28/21,30-49,"White, non-Latinx",310259,214376,0.7,204569,0.7,1124,0,0,0
9/18/21,65+,All,362629,267631,0.7,252956,0.7,6902,0,0,0
7/22/23,65+,All,362629,298830,0.8,273691,0.8,218888,0.6,162327,0.4
9/10/22,18-29,"Asian, non-Latinx",41068,42577,1,35882,0.9,20828,0.5,319,0
5/27/23,50-64,All,439599,406677,0.9,372640,0.8,246897,0.6,141092,0.3
7/3/21,18-29,Unknown,,13655,,12060,,0,,0,
4/15/23,18-29,"Other, non-Latinx",11506,23099,1,17480,1,5047,0.4,2316,0.2
2/27/21,30-49,All,809519,114089,0.1,60578,0.1,0,0,0,0
4/3/21,30-49,"White, non-Latinx",310259,136311,0.4,64691,0.2,0,0,0,0
9/4/21,18-29,"Asian, non-Latinx",41068,34710,0.8,32103,0.8,79,0,0,0
7/10/21,50-64,"White, non-Latinx",149921,104766,0.7,100250,0.7,0,0,0,0
4/30/22,18-29,Latinx,147161,128979,0.9,114345,0.8,42300,0.3,0,0
4/1/23,65+,"Other, non-Latinx",3206,8431,1,6962,1,4458,1,2989,0.9
6/17/23,50-64,Unknown,,16707,,12793,,4707,,2310,
12/11/21,18-29,Unknown,,16263,,13823,,1445,,0,
1/2/21,30-49,Latinx,226340,2393,0,0,0,0,0,0,0
5/1/21,18-29,"White, non-Latinx",187581,104840,0.6,73270,0.4,0,0,0,0
12/11/21,50-64,Latinx,114048,100794,0.9,95351,0.8,30160,0.3,0,0
6/11/22,65+,"White, non-Latinx",135462,101673,0.8,96923,0.7,79565,0.6,0,0
12/3/22,50-64,"Black, non-Latinx",145449,120266,0.8,111709,0.8,69160,0.5,25430,0.2
5/22/21,50-64,"Black, non-Latinx",145449,84465,0.6,71623,0.5,0,0,0,0
3/5/22,50-64,"Asian, non-Latinx",27117,24707,0.9,22726,0.8,16024,0.6,0,0
12/31/22,11-May,"Other, non-Latinx",6225,4007,0.6,3301,0.5,509,0.1,401,0.1
4/24/21,0-4,Latinx,54903,0,0,0,0,0,0,0,0
4/24/21,0-4,"Black, non-Latinx",47946,0,0,0,0,0,0,0,0
4/24/21,0-4,"White, non-Latinx",42995,0,0,0,0,0,0,0,0
4/24/21,0-4,"Asian, non-Latinx",9998,0,0,0,0,0,0,0,0
4/24/21,0-4,"Other, non-Latinx",6925,0,0,0,0,0,0,0,0
4/24/21,0-4,Unknown,,0,,0,,0,,0,
4/24/21,0-4,All,162797,0,0,0,0,0,0,0,0
10/23/21,17-Dec,"Other, non-Latinx",3047,4148,1,3263,1,9,0,0,0
10/30/21,18-29,Latinx,147161,109324,0.7,99367,0.7,2524,0,0,0
5/28/22,17-Dec,"Black, non-Latinx",57964,33011,0.6,28527,0.5,4952,0.1,0,0
12/31/22,30-49,"Asian, non-Latinx",64910,55628,0.9,50075,0.8,35298,0.5,16954,0.3
1/22/22,65+,"Other, non-Latinx",3206,7773,1,6633,1,3687,1,0,0
8/27/22,0-4,Latinx,54903,3499,0.1,611,0,2,0,0,0
1/29/22,18-29,"Asian, non-Latinx",41068,40891,1,34995,0.9,17591,0.4,0,0
10/1/22,50-64,Latinx,114048,106977,0.9,99656,0.9,67480,0.6,5323,0
8/26/23,30-49,"Black, non-Latinx",197825,134065,0.7,119969,0.6,48799,0.2,23907,0.1
9/2/23,50-64,All,439599,407269,0.9,372643,0.8,246923,0.6,144021,0.3
7/3/21,50-64,"Black, non-Latinx",145449,92964,0.6,84567,0.6,0,0,0,0
9/10/22,30-49,"Other, non-Latinx",10186,30820,1,25944,1,9753,1,172,0
1/29/22,30-49,Unknown,,29753,,24128,,6644,,0,
7/3/21,65+,Latinx,71039,49701,0.7,46971,0.7,0,0,0,0
9/17/22,50-64,"Other, non-Latinx",3063,14079,1,11851,1,5453,1,240,0.1
12/26/20,30-49,"Other, non-Latinx",10186,567,0.1,0,0,0,0,0,0
10/2/21,30-49,"Asian, non-Latinx",64910,49349,0.8,47057,0.7,1552,0,0,0
2/6/21,65+,All,362629,74291,0.2,7660,0,0,0,0,0
5/27/23,17-Dec,"Asian, non-Latinx",8804,8074,0.9,7534,0.9,3610,0.4,1719,0.2
7/22/23,18-29,Unknown,,21549,,15097,,3621,,2733,
5/1/21,0-4,Latinx,54903,0,0,0,0,0,0,0,0
5/1/21,0-4,"Black, non-Latinx",47946,0,0,0,0,0,0,0,0
5/1/21,0-4,"White, non-Latinx",42995,0,0,0,0,0,0,0,0
5/1/21,0-4,"Asian, non-Latinx",9998,0,0,0,0,0,0,0,0
5/1/21,0-4,"Other, non-Latinx",6925,0,0,0,0,0,0,0,0
5/1/21,0-4,Unknown,,0,,0,,0,,0,
5/1/21,0-4,All,162797,0,0,0,0,0,0,0,0
12/26/20,18-29,"White, non-Latinx",187581,3533,0,0,0,0,0,0,0
12/4/21,18-29,All,526788,375049,0.7,334885,0.6,46800,0.1,0,0
6/26/21,11-May,"Black, non-Latinx",66458,0,0,0,0,0,0,0,0
10/8/22,18-29,"Black, non-Latinx",139472,74491,0.5,62072,0.4,18399,0.1,1584,0
5/8/21,50-64,All,439599,293045,0.7,237792,0.5,0,0,0,0
1/29/22,65+,"Asian, non-Latinx",26955,19689,0.7,18427,0.7,14306,0.5,0,0
7/2/22,0-4,Latinx,54903,706,0,0,0,0,0,0,0
6/11/22,30-49,"Other, non-Latinx",10186,30576,1,25820,1,9484,0.9,0,0
7/9/22,0-4,Latinx,54903,1075,0,1,0,0,0,0,0
10/23/21,50-64,"Black, non-Latinx",145449,108182,0.7,100135,0.7,6260,0,0,0
5/14/22,50-64,"Black, non-Latinx",145449,118119,0.8,110437,0.8,64709,0.4,0,0
5/27/23,0-4,"White, non-Latinx",42995,13211,0.3,9554,0.2,34,0,3918,0.1
10/29/22,30-49,"Black, non-Latinx",197825,131561,0.7,118837,0.6,48693,0.2,9595,0
8/6/22,65+,Unknown,,11125,,8827,,4076,,0,
7/3/21,18-29,"Black, non-Latinx",139472,35522,0.3,29624,0.2,0,0,0,0
11/5/22,18-29,"Other, non-Latinx",11506,22613,1,17395,1,5041,0.4,1144,0.1
8/20/22,30-49,"Black, non-Latinx",197825,130291,0.7,118141,0.6,48285,0.2,0,0
3/25/23,50-64,Latinx,114048,108340,1,99793,0.9,67529,0.6,32071,0.3
10/16/21,65+,"Black, non-Latinx",125967,87108,0.7,81720,0.6,10453,0.1,0,0
3/11/23,0-4,Unknown,,2708,,1922,,6,,419,
10/22/22,30-49,"Asian, non-Latinx",64910,55124,0.8,50040,0.8,35295,0.5,9361,0.1
5/8/21,0-4,Latinx,54903,0,0,0,0,0,0,0,0
5/8/21,0-4,"Black, non-Latinx",47946,0,0,0,0,0,0,0,0
5/8/21,0-4,"White, non-Latinx",42995,0,0,0,0,0,0,0,0
5/8/21,0-4,"Asian, non-Latinx",9998,0,0,0,0,0,0,0,0
5/8/21,0-4,"Other, non-Latinx",6925,0,0,0,0,0,0,0,0
5/8/21,0-4,Unknown,,0,,0,,0,,0,
5/8/21,0-4,All,162797,0,0,0,0,0,0,0,0
9/10/22,0-4,"Black, non-Latinx",47946,1558,0,253,0,0,0,0,0
4/8/23,30-49,Unknown,,33580,,25612,,7812,,4420,
5/21/22,18-29,"White, non-Latinx",187581,146429,0.8,127098,0.7,65902,0.4,0,0
10/22/22,17-Dec,"White, non-Latinx",35643,26279,0.7,24126,0.7,11959,0.3,3032,0.1
5/13/23,18-29,Latinx,147161,133573,0.9,115925,0.8,45854,0.3,17033,0.1
6/3/23,50-64,Latinx,114048,108566,1,99808,0.9,67534,0.6,33759,0.3
5/7/22,65+,"Other, non-Latinx",3206,7956,1,6816,1,4153,1,0,0
4/16/22,18-29,"White, non-Latinx",187581,146044,0.8,126875,0.7,64850,0.3,0,0
12/18/21,18-29,"Black, non-Latinx",139472,58500,0.4,48963,0.4,5312,0,0,0
7/29/23,50-64,"Other, non-Latinx",3063,14470,1,11890,1,5466,1,2903,0.9
2/5/22,65+,Unknown,,10652,,8594,,3470,,0,
6/18/22,50-64,Unknown,,15561,,12673,,4531,,0,
8/19/23,0-4,Latinx,54903,9241,0.2,3250,0.1,30,0,3216,0.1
8/7/21,18-29,Unknown,,14220,,12586,,0,,0,
7/1/23,65+,All,362629,298756,0.8,273691,0.8,218881,0.6,161801,0.4
7/24/21,65+,All,362629,259572,0.7,245462,0.7,0,0,0,0
8/14/21,50-64,Unknown,,12142,,10570,,0,,0,
9/25/21,30-49,All,809519,586287,0.7,542281,0.7,5189,0,0,0
1/23/21,30-49,Unknown,,2988,,1521,,0,,0,
7/1/23,65+,"White, non-Latinx",135462,103905,0.8,97457,0.7,80738,0.6,65447,0.5
1/7/23,18-29,"Other, non-Latinx",11506,22921,1,17434,1,5044,0.4,1965,0.2
7/17/21,50-64,All,439599,334565,0.8,313556,0.7,0,0,0,0
12/17/22,30-49,Latinx,226340,201657,0.9,181434,0.8,90470,0.4,27631,0.1
5/14/22,65+,All,362629,288429,0.8,270551,0.7,209813,0.6,0,0
11/5/22,18-29,Unknown,,20568,,15056,,3615,,1447,
5/15/21,0-4,Latinx,54903,0,0,0,0,0,0,0,0
5/15/21,0-4,"Black, non-Latinx",47946,0,0,0,0,0,0,0,0
5/15/21,0-4,"White, non-Latinx",42995,0,0,0,0,0,0,0,0
5/15/21,0-4,"Asian, non-Latinx",9998,0,0,0,0,0,0,0,0
5/15/21,0-4,"Other, non-Latinx",6925,0,0,0,0,0,0,0,0
5/15/21,0-4,Unknown,,0,,0,,0,,0,
5/15/21,0-4,All,162797,0,0,0,0,0,0,0,0
8/7/21,11-May,"Other, non-Latinx",6225,0,0,0,0,0,0,0,0
12/24/22,17-Dec,"Asian, non-Latinx",8804,8054,0.9,7523,0.9,3610,0.4,1309,0.1
3/25/23,18-29,"Other, non-Latinx",11506,23074,1,17474,1,5047,0.4,2271,0.2
7/15/23,17-Dec,"Other, non-Latinx",3047,5424,1,4226,1,970,0.3,520,0.2
5/1/21,17-Dec,Latinx,76627,5364,0.1,942,0,0,0,0,0
8/5/23,30-49,"White, non-Latinx",310259,242575,0.8,222271,0.7,155097,0.5,101846,0.3
3/20/21,18-29,Unknown,,4221,,2716,,0,,0,
9/10/22,65+,All,362629,291004,0.8,273182,0.8,218396,0.6,6656,0
4/2/22,30-49,"Black, non-Latinx",197825,127805,0.6,115633,0.6,42639,0.2,0,0
7/8/23,18-29,Unknown,,21544,,15097,,3621,,2726,
6/24/23,65+,"White, non-Latinx",135462,103898,0.8,97457,0.7,80738,0.6,65413,0.5
7/9/22,30-49,"Other, non-Latinx",10186,30638,1,25861,1,9572,0.9,0,0
3/5/22,65+,"White, non-Latinx",135462,100921,0.7,95185,0.7,76414,0.6,0,0
8/21/21,30-49,Latinx,226340,163661,0.7,149804,0.7,165,0,0,0
4/8/23,65+,Unknown,,11846,,8874,,4149,,2137,
4/9/22,50-64,"Other, non-Latinx",3063,13778,1,11692,1,5014,1,0,0
10/30/21,65+,Unknown,,9625,,8138,,670,,0,
12/17/22,30-49,"White, non-Latinx",310259,241601,0.8,222120,0.7,155080,0.5,90373,0.3
9/9/23,50-64,"Asian, non-Latinx",27117,25913,1,23214,0.9,17232,0.6,9069,0.3
8/5/23,0-4,"White, non-Latinx",42995,13638,0.3,9556,0.2,37,0,5186,0.1
12/26/20,18-29,Unknown,,666,,0,,0,,0,
6/17/23,50-64,Latinx,114048,108597,1,99809,0.9,67537,0.6,33954,0.3
5/22/21,0-4,Latinx,54903,0,0,0,0,0,0,0,0
5/22/21,0-4,"Black, non-Latinx",47946,0,0,0,0,0,0,0,0
5/22/21,0-4,"White, non-Latinx",42995,0,0,0,0,0,0,0,0
5/22/21,0-4,"Asian, non-Latinx",9998,0,0,0,0,0,0,0,0
5/22/21,0-4,"Other, non-Latinx",6925,0,0,0,0,0,0,0,0
5/22/21,0-4,Unknown,,0,,0,,0,,0,
5/22/21,0-4,All,162797,0,0,0,0,0,0,0,0
1/30/21,18-29,Unknown,,2082,,1091,,0,,0,
6/5/21,18-29,"Black, non-Latinx",139472,31586,0.2,24321,0.2,0,0,0,0
5/15/21,50-64,"White, non-Latinx",149921,98638,0.7,88193,0.6,0,0,0,0
4/3/21,17-Dec,"Black, non-Latinx",57964,289,0,78,0,0,0,0,0
6/18/22,30-49,Unknown,,31219,,25326,,7575,,0,
3/4/23,50-64,Latinx,114048,108268,0.9,99780,0.9,67528,0.6,31187,0.3
12/10/22,65+,Unknown,,11706,,8866,,4147,,1630,
1/22/22,65+,"Asian, non-Latinx",26955,19642,0.7,18397,0.7,14114,0.5,0,0
6/12/21,65+,"Black, non-Latinx",125967,80031,0.6,73945,0.6,0,0,0,0
12/24/22,65+,Unknown,,11749,,8866,,4147,,1761,
8/21/21,65+,"Asian, non-Latinx",26955,18325,0.7,17459,0.6,61,0,0,0
5/20/23,65+,"Black, non-Latinx",125967,95930,0.8,88322,0.7,70473,0.6,51758,0.4
7/9/22,65+,"Other, non-Latinx",3206,8051,1,6908,1,4341,1,0,0
9/17/22,50-64,"White, non-Latinx",149921,118625,0.8,112832,0.8,82657,0.6,7299,0
3/19/22,18-29,Unknown,,19013,,14811,,3291,,0,
9/3/22,50-64,"Black, non-Latinx",145449,119032,0.8,111409,0.8,69008,0.5,13,0
6/18/22,50-64,"Asian, non-Latinx",27117,25032,0.9,23024,0.8,16896,0.6,0,0
5/1/21,17-Dec,"White, non-Latinx",35643,4215,0.1,1318,0,0,0,0,0
7/1/23,50-64,"Black, non-Latinx",145449,121220,0.8,112013,0.8,69264,0.5,38241,0.3
4/30/22,30-49,"Black, non-Latinx",197825,128428,0.6,116335,0.6,44089,0.2,0,0
12/11/21,30-49,All,809519,628390,0.8,579915,0.7,175162,0.2,0,0
2/11/23,0-4,"Asian, non-Latinx",9998,2612,0.3,1476,0.1,5,0,332,0
11/26/22,50-64,Unknown,,16312,,12776,,4704,,1493,
6/3/23,65+,All,362629,298615,0.8,273689,0.8,218871,0.6,160665,0.4
3/13/21,30-49,Unknown,,7489,,4369,,0,,0,
8/5/23,65+,"White, non-Latinx",135462,103931,0.8,97457,0.7,80738,0.6,65651,0.5
5/29/21,0-4,Latinx,54903,0,0,0,0,0,0,0,0
5/29/21,0-4,"Black, non-Latinx",47946,0,0,0,0,0,0,0,0
5/29/21,0-4,"White, non-Latinx",42995,0,0,0,0,0,0,0,0
5/29/21,0-4,"Asian, non-Latinx",9998,0,0,0,0,0,0,0,0
5/29/21,0-4,"Other, non-Latinx",6925,0,0,0,0,0,0,0,0
5/29/21,0-4,Unknown,,0,,0,,0,,0,
5/29/21,0-4,All,162797,0,0,0,0,0,0,0,0
8/21/21,18-29,All,526788,329084,0.6,295118,0.6,267,0,0,0
9/25/21,18-29,"Black, non-Latinx",139472,48877,0.4,40015,0.3,128,0,0,0
9/16/23,17-Dec,Unknown,,3469,,2541,,745,,525,
12/4/21,30-49,"White, non-Latinx",310259,226887,0.7,214778,0.7,82053,0.3,0,0
5/6/23,18-29,"Black, non-Latinx",139472,76785,0.6,63411,0.5,18446,0.1,7977,0.1
8/6/22,30-49,Unknown,,31424,,25400,,7723,,0,
2/5/22,30-49,All,809519,667245,0.8,602657,0.7,303608,0.4,0,0
12/26/20,18-29,All,526788,6370,0,0,0,0,0,0,0
7/8/23,50-64,All,439599,406943,0.9,372642,0.8,246914,0.6,142569,0.3
8/20/22,50-64,Latinx,114048,106685,0.9,99585,0.9,67232,0.6,0,0
11/5/22,65+,"Other, non-Latinx",3206,8318,1,6951,1,4455,1,1887,0.6
1/30/21,65+,"White, non-Latinx",135462,22754,0.2,2025,0,0,0,0,0
1/29/22,50-64,"Black, non-Latinx",145449,115826,0.8,107252,0.7,54328,0.4,0,0
2/26/22,18-29,"Other, non-Latinx",11506,21622,1,16908,1,4377,0.4,0,0
11/13/21,50-64,"Black, non-Latinx",145449,109746,0.8,102211,0.7,15473,0.1,0,0
5/13/23,18-29,"Asian, non-Latinx",41068,44240,1,35975,0.9,20843,0.5,9989,0.2
10/23/21,30-49,Latinx,226340,175270,0.8,162915,0.7,5111,0,0,0
7/23/22,65+,"Other, non-Latinx",3206,8075,1,6923,1,4382,1,0,0
8/19/23,50-64,Latinx,114048,108713,1,99809,0.9,67538,0.6,34567,0.3
3/20/21,65+,"Asian, non-Latinx",26955,12650,0.5,7327,0.3,0,0,0,0
6/5/21,0-4,Latinx,54903,0,0,0,0,0,0,0,0
6/5/21,0-4,"Black, non-Latinx",47946,0,0,0,0,0,0,0,0
6/5/21,0-4,"White, non-Latinx",42995,0,0,0,0,0,0,0,0
6/5/21,0-4,"Asian, non-Latinx",9998,0,0,0,0,0,0,0,0
6/5/21,0-4,"Other, non-Latinx",6925,0,0,0,0,0,0,0,0
6/5/21,0-4,Unknown,,0,,0,,0,,0,
6/5/21,0-4,All,162797,0,0,0,0,0,0,0,0
9/2/23,18-29,"Black, non-Latinx",139472,77511,0.6,63428,0.5,18462,0.1,9613,0.1
1/29/22,18-29,Unknown,,18273,,14356,,2967,,0,
6/11/22,65+,All,362629,289255,0.8,271579,0.7,212839,0.6,0,0
5/27/23,18-29,"White, non-Latinx",187581,152337,0.8,127894,0.7,67843,0.4,36557,0.2
9/18/21,18-29,Unknown,,14843,,13067,,31,,0,
8/13/22,0-4,Latinx,54903,2879,0.1,427,0,2,0,0,0
3/12/22,50-64,All,439599,393543,0.9,365649,0.8,225629,0.5,0,0
4/24/21,30-49,"Asian, non-Latinx",64910,37866,0.6,24924,0.4,0,0,0,0
5/27/23,50-64,"Other, non-Latinx",3063,14445,1,11890,1,5464,1,2854,0.9
2/20/21,50-64,Latinx,114048,14636,0.1,3795,0,0,0,0,0
7/8/23,18-29,Latinx,147161,133945,0.9,115926,0.8,45859,0.3,17915,0.1
5/27/23,18-29,All,526788,451890,0.9,375788,0.7,161657,0.3,77368,0.1
9/11/21,30-49,Unknown,,24120,,21236,,55,,0,
10/22/22,18-29,All,526788,441453,0.8,373724,0.7,161494,0.3,31279,0.1
12/18/21,30-49,Unknown,,27357,,23221,,4390,,0,
10/22/22,18-29,Latinx,147161,131290,0.9,115442,0.8,45792,0.3,5534,0
12/10/22,65+,All,362629,296562,0.8,273517,0.8,218783,0.6,129143,0.4
8/20/22,0-4,Latinx,54903,3211,0.1,527,0,2,0,0,0
5/1/21,65+,All,362629,238833,0.7,212193,0.6,0,0,0,0
1/21/23,30-49,"Other, non-Latinx",10186,31540,1,26031,1,9773,1,4191,0.4
6/12/21,0-4,Latinx,54903,0,0,0,0,0,0,0,0
6/12/21,0-4,"Black, non-Latinx",47946,0,0,0,0,0,0,0,0
6/12/21,0-4,"White, non-Latinx",42995,0,0,0,0,0,0,0,0
6/12/21,0-4,"Asian, non-Latinx",9998,0,0,0,0,0,0,0,0
6/12/21,0-4,"Other, non-Latinx",6925,0,0,0,0,0,0,0,0
6/12/21,0-4,Unknown,,0,,0,,0,,0,
6/12/21,0-4,All,162797,0,0,0,0,0,0,0,0
5/8/21,65+,Unknown,,8142,,6338,,0,,0,
7/9/22,50-64,Unknown,,15627,,12694,,4575,,0,
11/13/21,50-64,"Asian, non-Latinx",27117,23135,0.9,22060,0.8,4550,0.2,0,0
5/7/22,65+,"Black, non-Latinx",125967,92106,0.7,87198,0.7,66301,0.5,0,0
2/25/23,30-49,Unknown,,33470,,25593,,7812,,4284,
7/16/22,65+,"Black, non-Latinx",125967,92550,0.7,87794,0.7,68928,0.5,0,0
12/26/20,30-49,Latinx,226340,1273,0,0,0,0,0,0,0
7/15/23,65+,"Other, non-Latinx",3206,8456,1,6963,1,4460,1,3127,1
6/5/21,50-64,"Black, non-Latinx",145449,87990,0.6,77029,0.5,0,0,0,0
12/24/22,18-29,"Asian, non-Latinx",41068,43874,1,35951,0.9,20839,0.5,8193,0.2
11/26/22,30-49,"White, non-Latinx",310259,241130,0.8,222087,0.7,155068,0.5,81570,0.3
3/25/23,65+,"Black, non-Latinx",125967,95767,0.8,88311,0.7,70458,0.6,49851,0.4
3/19/22,18-29,All,526788,426891,0.8,366240,0.7,146286,0.3,0,0
7/16/22,30-49,Unknown,,31339,,25372,,7659,,0,
1/7/23,50-64,All,439599,404914,0.9,372297,0.8,246815,0.6,121728,0.3
6/18/22,50-64,All,439599,397295,0.9,369878,0.8,240203,0.5,0,0
3/6/21,65+,"Other, non-Latinx",3206,3144,1,1693,0.5,0,0,0,0
6/11/22,65+,Unknown,,10974,,8793,,3953,,0,
1/15/22,50-64,All,439599,386815,0.9,358264,0.8,193139,0.4,0,0
8/28/21,65+,Latinx,71039,51198,0.7,48541,0.7,218,0,0,0
10/15/22,50-64,Latinx,114048,107180,0.9,99669,0.9,67484,0.6,9273,0.1
12/17/22,18-29,All,526788,446764,0.8,374511,0.7,161579,0.3,59841,0.1
6/19/21,0-4,Latinx,54903,0,0,0,0,0,0,0,0
6/19/21,0-4,"Black, non-Latinx",47946,0,0,0,0,0,0,0,0
6/19/21,0-4,"White, non-Latinx",42995,0,0,0,0,0,0,0,0
6/19/21,0-4,"Asian, non-Latinx",9998,0,0,0,0,0,0,0,0
6/19/21,0-4,"Other, non-Latinx",6925,0,0,0,0,0,0,0,0
6/19/21,0-4,Unknown,,0,,0,,0,,0,
6/19/21,0-4,All,162797,0,0,0,0,0,0,0,0
4/23/22,18-29,Latinx,147161,128886,0.9,114257,0.8,42054,0.3,0,0
9/11/21,18-29,All,526788,341338,0.6,305641,0.6,959,0,0,0
12/26/20,30-49,"Black, non-Latinx",197825,945,0,0,0,0,0,0,0
4/9/22,18-29,All,526788,428504,0.8,367739,0.7,149212,0.3,0,0
7/29/23,30-49,Unknown,,33753,,25615,,7813,,4662,
6/26/21,18-29,"Black, non-Latinx",139472,34669,0.2,28630,0.2,0,0,0,0
9/25/21,65+,"Asian, non-Latinx",26955,18533,0.7,17698,0.7,492,0,0,0
2/27/21,50-64,"Other, non-Latinx",3063,1657,0.5,841,0.3,0,0,0,0
6/19/21,30-49,All,809519,514999,0.6,473775,0.6,0,0,0,0
4/29/23,30-49,Latinx,226340,203275,0.9,181665,0.8,90497,0.4,37252,0.2
6/10/23,50-64,"Other, non-Latinx",3063,14456,1,11890,1,5465,1,2870,0.9
2/5/22,30-49,Latinx,226340,193789,0.9,174773,0.8,75023,0.3,0,0
10/16/21,65+,"White, non-Latinx",135462,96933,0.7,92611,0.7,22744,0.2,0,0
7/1/23,18-29,All,526788,452465,0.9,375801,0.7,161666,0.3,78846,0.2
6/12/21,65+,"Other, non-Latinx",3206,5953,1,5333,1,0,0,0,0
7/16/22,0-4,All,162797,9588,0.1,4,0,0,0,0,0
8/19/23,18-29,Unknown,,21565,,15097,,3621,,2760,
5/22/21,30-49,"White, non-Latinx",310259,200234,0.6,184364,0.6,0,0,0,0
1/30/21,30-49,"Other, non-Latinx",10186,1999,0.2,959,0.1,0,0,0,0
7/1/23,50-64,All,439599,406907,0.9,372641,0.8,246914,0.6,142417,0.3
12/25/21,65+,Unknown,,10297,,8428,,2824,,0,
12/19/20,30-49,All,809519,5987,0,0,0,0,0,0,0
6/26/21,0-4,Latinx,54903,0,0,0,0,0,0,0,0
6/26/21,0-4,"Black, non-Latinx",47946,0,0,0,0,0,0,0,0
6/26/21,0-4,"White, non-Latinx",42995,0,0,0,0,0,0,0,0
6/26/21,0-4,"Asian, non-Latinx",9998,0,0,0,0,0,0,0,0
6/26/21,0-4,"Other, non-Latinx",6925,0,0,0,0,0,0,0,0
6/26/21,0-4,Unknown,,0,,0,,0,,0,
6/26/21,0-4,All,162797,0,0,0,0,0,0,0,0
10/15/22,30-49,All,809519,689528,0.9,623458,0.8,347019,0.4,78502,0.1
4/16/22,30-49,"Asian, non-Latinx",64910,54190,0.8,49739,0.8,34037,0.5,0,0
4/30/22,50-64,"Black, non-Latinx",145449,117977,0.8,110290,0.8,63949,0.4,0,0
11/5/22,0-4,"Asian, non-Latinx",9998,2124,0.2,1105,0.1,4,0,0,0
5/1/21,65+,"Black, non-Latinx",125967,74718,0.6,65283,0.5,0,0,0,0
12/4/21,50-64,"Asian, non-Latinx",27117,23462,0.9,22199,0.8,7825,0.3,0,0
10/23/21,65+,All,362629,272424,0.8,256736,0.7,52916,0.1,0,0
2/19/22,65+,Latinx,71039,55539,0.8,51906,0.7,38222,0.5,0,0
8/26/23,50-64,"Asian, non-Latinx",27117,25908,1,23214,0.9,17232,0.6,9055,0.3
3/18/23,50-64,"Other, non-Latinx",3063,14418,1,11886,1,5463,1,2734,0.9
6/25/22,30-49,"Black, non-Latinx",197825,129407,0.7,117327,0.6,46372,0.2,0,0
9/17/22,0-4,All,162797,19819,0.1,7631,0,15,0,0,0
11/12/22,65+,"White, non-Latinx",135462,103240,0.8,97417,0.7,80720,0.6,51350,0.4
2/19/22,50-64,All,439599,392365,0.9,363882,0.8,219972,0.5,0,0
1/2/21,30-49,Unknown,,1586,,0,,0,,0,
3/18/23,0-4,"White, non-Latinx",42995,12771,0.3,9402,0.2,28,0,2377,0.1
9/2/23,30-49,"White, non-Latinx",310259,242628,0.8,222272,0.7,155097,0.5,102116,0.3
9/4/21,18-29,"White, non-Latinx",187581,125649,0.7,116491,0.6,442,0,0,0
9/16/23,65+,All,362629,299065,0.8,273697,0.8,218902,0.6,163609,0.5
3/18/23,18-29,"Black, non-Latinx",139472,76404,0.5,63226,0.5,18439,0.1,7285,0.1
7/16/22,30-49,All,809519,682306,0.8,621326,0.8,342574,0.4,0,0
4/10/21,65+,"Black, non-Latinx",125967,69152,0.5,54380,0.4,0,0,0,0
10/2/21,65+,Latinx,71039,51912,0.7,49317,0.7,2151,0,0,0
7/3/21,0-4,Latinx,54903,0,0,0,0,0,0,0,0
7/3/21,0-4,"Black, non-Latinx",47946,0,0,0,0,0,0,0,0
7/3/21,0-4,"White, non-Latinx",42995,0,0,0,0,0,0,0,0
7/3/21,0-4,"Asian, non-Latinx",9998,0,0,0,0,0,0,0,0
7/3/21,0-4,"Other, non-Latinx",6925,0,0,0,0,0,0,0,0
7/3/21,0-4,Unknown,,0,,0,,0,,0,
7/3/21,0-4,All,162797,0,0,0,0,0,0,0,0
3/11/23,0-4,All,162797,30392,0.2,17558,0.1,63,0,4405,0
1/15/22,18-29,Latinx,147161,120829,0.8,105267,0.7,27642,0.2,0,0
7/23/22,0-4,"White, non-Latinx",42995,6256,0.1,403,0,0,0,0,0
8/14/21,18-29,"Black, non-Latinx",139472,41676,0.3,34396,0.2,7,0,0,0
2/11/23,18-29,Unknown,,21293,,15083,,3619,,2432,
6/19/21,65+,"Black, non-Latinx",125967,80586,0.6,74761,0.6,0,0,0,0
6/11/22,18-29,"Asian, non-Latinx",41068,42223,1,35753,0.9,20337,0.5,0,0
7/1/23,50-64,"Other, non-Latinx",3063,14461,1,11890,1,5466,1,2887,0.9
11/20/21,50-64,Latinx,114048,99712,0.9,94537,0.8,16821,0.1,0,0
8/12/23,18-29,All,526788,453155,0.9,375807,0.7,161680,0.3,80473,0.2
6/3/23,30-49,Latinx,226340,203589,0.9,181666,0.8,90503,0.4,38190,0.2
11/5/22,18-29,"Black, non-Latinx",139472,74938,0.5,62312,0.4,18409,0.1,3272,0
6/12/21,18-29,"Other, non-Latinx",11506,12179,1,10235,0.9,0,0,0,0
2/4/23,65+,Latinx,71039,57649,0.8,53070,0.7,43046,0.6,24130,0.3
4/24/21,65+,"White, non-Latinx",135462,86613,0.6,78754,0.6,0,0,0,0
10/22/22,18-29,Unknown,,20336,,15047,,3614,,1106,
11/13/21,30-49,"Black, non-Latinx",197825,109275,0.6,97979,0.5,8243,0,0,0
1/7/23,65+,"Black, non-Latinx",125967,95387,0.8,88259,0.7,70432,0.6,44246,0.4
8/12/23,0-4,"Asian, non-Latinx",9998,2990,0.3,1557,0.2,6,0,1202,0.1
5/28/22,18-29,"White, non-Latinx",187581,146523,0.8,127146,0.7,66086,0.4,0,0
7/8/23,30-49,All,809519,701643,0.9,625693,0.8,347289,0.4,192724,0.2
9/2/23,65+,Latinx,71039,57962,0.8,53089,0.7,43058,0.6,28377,0.4
3/12/22,50-64,"Other, non-Latinx",3063,13708,1,11646,1,4853,1,0,0
7/10/21,0-4,Latinx,54903,0,0,0,0,0,0,0,0
7/10/21,0-4,"Black, non-Latinx",47946,0,0,0,0,0,0,0,0
7/10/21,0-4,"White, non-Latinx",42995,0,0,0,0,0,0,0,0
7/10/21,0-4,"Asian, non-Latinx",9998,0,0,0,0,0,0,0,0
7/10/21,0-4,"Other, non-Latinx",6925,0,0,0,0,0,0,0,0
7/10/21,0-4,Unknown,,0,,0,,0,,0,
7/10/21,0-4,All,162797,0,0,0,0,0,0,0,0
11/27/21,65+,"White, non-Latinx",135462,99168,0.7,93812,0.7,56669,0.4,0,0
7/9/22,18-29,Unknown,,19427,,14951,,3513,,0,
7/9/22,30-49,"Black, non-Latinx",197825,129609,0.7,117530,0.6,46866,0.2,0,0
6/4/22,65+,"Other, non-Latinx",3206,8005,1,6864,1,4240,1,0,0
1/29/22,18-29,"Other, non-Latinx",11506,21126,1,16344,1,3946,0.3,0,0
6/18/22,18-29,"White, non-Latinx",187581,146708,0.8,127275,0.7,66527,0.4,0,0
3/25/23,65+,All,362629,298056,0.8,273665,0.8,218848,0.6,155079,0.4
3/25/23,30-49,"White, non-Latinx",310259,242256,0.8,222242,0.7,155095,0.5,99699,0.3
5/21/22,65+,"Asian, non-Latinx",26955,19987,0.7,18764,0.7,15536,0.6,0,0
7/22/23,0-4,"White, non-Latinx",42995,13548,0.3,9556,0.2,37,0,4965,0.1
12/17/22,0-4,Latinx,54903,6602,0.1,2592,0,13,0,42,0
5/1/21,50-64,Unknown,,9382,,6244,,0,,0,
5/13/23,30-49,"Other, non-Latinx",10186,31726,1,26070,1,9778,1,4682,0.5
7/31/21,18-29,"Other, non-Latinx",11506,13811,1,11892,1,0,0,0,0
4/15/23,0-4,"White, non-Latinx",42995,12969,0.3,9523,0.2,33,0,2902,0.1
7/3/21,65+,Unknown,,8925,,7518,,0,,0,
8/13/22,65+,Unknown,,11135,,8829,,4091,,0,
2/18/23,0-4,All,162797,29677,0.2,17236,0.1,58,0,3426,0
10/1/22,0-4,Unknown,,2088,,1064,,3,,0,
7/17/21,0-4,Latinx,54903,0,0,0,0,0,0,0,0
7/17/21,0-4,"Black, non-Latinx",47946,0,0,0,0,0,0,0,0
7/17/21,0-4,"White, non-Latinx",42995,0,0,0,0,0,0,0,0
7/17/21,0-4,"Asian, non-Latinx",9998,0,0,0,0,0,0,0,0
7/17/21,0-4,"Other, non-Latinx",6925,0,0,0,0,0,0,0,0
7/17/21,0-4,Unknown,,0,,0,,0,,0,
7/17/21,0-4,All,162797,0,0,0,0,0,0,0,0
6/17/23,50-64,All,439599,406826,0.9,372641,0.8,246909,0.6,141923,0.3
7/2/22,18-29,Unknown,,19414,,14946,,3502,,0,
2/25/23,18-29,Latinx,147161,133027,0.9,115799,0.8,45847,0.3,15151,0.1
6/26/21,50-64,"Asian, non-Latinx",27117,21356,0.8,20131,0.7,0,0,0,0
3/6/21,65+,"White, non-Latinx",135462,61619,0.5,35566,0.3,0,0,0,0
11/13/21,30-49,All,809519,613001,0.8,569791,0.7,82433,0.1,0,0
12/24/22,65+,"Black, non-Latinx",125967,95281,0.8,88251,0.7,70431,0.6,42513,0.3
3/27/21,18-29,"White, non-Latinx",187581,48998,0.3,25432,0.1,0,0,0,0
7/1/23,0-4,Latinx,54903,8818,0.2,3248,0.1,30,0,2523,0
3/4/23,65+,"White, non-Latinx",135462,103722,0.8,97447,0.7,80738,0.6,63589,0.5
6/17/23,65+,Unknown,,11904,,8875,,4149,,2274,
2/6/21,65+,Unknown,,1685,,238,,0,,0,
6/25/22,18-29,All,526788,432673,0.8,370616,0.7,156315,0.3,0,0
12/26/20,30-49,Unknown,,1171,,0,,0,,0,
8/13/22,0-4,"Other, non-Latinx",6925,502,0.1,83,0,0,0,0,0
12/17/22,50-64,"Black, non-Latinx",145449,120429,0.8,111755,0.8,69188,0.5,28488,0.2
10/2/21,65+,"Asian, non-Latinx",26955,18602,0.7,17747,0.7,1187,0,0,0
12/19/20,50-64,"White, non-Latinx",149921,1020,0,0,0,0,0,0,0
1/28/23,50-64,"Black, non-Latinx",145449,120703,0.8,111847,0.8,69219,0.5,32960,0.2
7/8/23,18-29,All,526788,452571,0.9,375801,0.7,161669,0.3,79082,0.2
4/24/21,50-64,"Asian, non-Latinx",27117,17578,0.6,12406,0.5,0,0,0,0
7/1/23,0-4,"Asian, non-Latinx",9998,2902,0.3,1557,0.2,6,0,1040,0.1
3/19/22,18-29,"White, non-Latinx",187581,145698,0.8,126640,0.7,63803,0.3,0,0
11/12/22,18-29,Unknown,,20684,,15058,,3615,,1606,
7/24/21,0-4,Latinx,54903,0,0,0,0,0,0,0,0
7/24/21,0-4,"Black, non-Latinx",47946,0,0,0,0,0,0,0,0
7/24/21,0-4,"White, non-Latinx",42995,0,0,0,0,0,0,0,0
7/24/21,0-4,"Asian, non-Latinx",9998,0,0,0,0,0,0,0,0
7/24/21,0-4,"Other, non-Latinx",6925,0,0,0,0,0,0,0,0
7/24/21,0-4,Unknown,,0,,0,,0,,0,
7/24/21,0-4,All,162797,0,0,0,0,0,0,0,0
1/30/21,30-49,"Asian, non-Latinx",64910,6587,0.1,3640,0.1,0,0,0,0
3/11/23,65+,"White, non-Latinx",135462,103735,0.8,97449,0.7,80738,0.6,63735,0.5
10/15/22,0-4,"White, non-Latinx",42995,10387,0.2,6507,0.2,8,0,0,0
6/10/23,0-4,All,162797,32569,0.2,18064,0.1,81,0,9302,0.1
7/2/22,18-29,"Black, non-Latinx",139472,72679,0.5,60677,0.4,17123,0.1,0,0
4/17/21,50-64,Unknown,,8118,,4747,,0,,0,
7/16/22,30-49,"White, non-Latinx",310259,237502,0.8,221654,0.7,154128,0.5,0,0
8/26/23,65+,"Asian, non-Latinx",26955,20641,0.8,18983,0.7,15994,0.6,10756,0.4
9/25/21,65+,"Black, non-Latinx",125967,86161,0.7,80781,0.6,1775,0,0,0
2/4/23,0-4,Latinx,54903,7383,0.1,2933,0.1,22,0,477,0
2/26/22,30-49,"Asian, non-Latinx",64910,53911,0.8,49559,0.8,32932,0.5,0,0
9/3/22,0-4,Unknown,,1821,,650,,3,,0,
10/1/22,18-29,"Other, non-Latinx",11506,22365,1,17374,1,5040,0.4,424,0
1/15/22,65+,All,362629,283985,0.8,264972,0.7,185703,0.5,0,0
7/8/23,18-29,"Black, non-Latinx",139472,77210,0.6,63425,0.5,18455,0.1,8957,0.1
12/10/22,50-64,Latinx,114048,107791,0.9,99726,0.9,67504,0.6,23178,0.2
1/30/21,18-29,"Other, non-Latinx",11506,1165,0.1,542,0,0,0,0,0
3/12/22,30-49,Unknown,,30678,,25048,,7190,,0,
3/20/21,30-49,Unknown,,8600,,4973,,0,,0,
7/31/21,65+,All,362629,260630,0.7,246356,0.7,0,0,0,0
12/25/21,30-49,"Other, non-Latinx",10186,28006,1,23970,1,5804,0.6,0,0
7/17/21,30-49,"Other, non-Latinx",10186,20119,1,18123,1,0,0,0,0
9/18/21,65+,"Black, non-Latinx",125967,85894,0.7,80467,0.6,1125,0,0,0
7/8/23,65+,Unknown,,11912,,8875,,4150,,2291,
1/29/22,65+,"Black, non-Latinx",125967,91046,0.7,85718,0.7,59896,0.5,0,0
8/27/22,50-64,"Black, non-Latinx",145449,119008,0.8,111380,0.8,68892,0.5,0,0
3/5/22,65+,"Black, non-Latinx",125967,91598,0.7,86445,0.7,63173,0.5,0,0
7/31/21,0-4,Latinx,54903,0,0,0,0,0,0,0,0
7/31/21,0-4,"Black, non-Latinx",47946,0,0,0,0,0,0,0,0
7/31/21,0-4,"White, non-Latinx",42995,0,0,0,0,0,0,0,0
7/31/21,0-4,"Asian, non-Latinx",9998,0,0,0,0,0,0,0,0
7/31/21,0-4,"Other, non-Latinx",6925,0,0,0,0,0,0,0,0
7/31/21,0-4,Unknown,,0,,0,,0,,0,
7/31/21,0-4,All,162797,0,0,0,0,0,0,0,0
1/28/23,50-64,All,439599,405297,0.9,372375,0.8,246840,0.6,127748,0.3
5/7/22,50-64,"White, non-Latinx",149921,117788,0.8,111683,0.7,80331,0.5,0,0
3/5/22,30-49,All,809519,673930,0.8,613619,0.8,320818,0.4,0,0
1/21/23,0-4,Unknown,,2579,,1855,,6,,184,
4/9/22,30-49,"Other, non-Latinx",10186,30375,1,25691,1,9171,0.9,0,0
5/20/23,18-29,"Other, non-Latinx",11506,23142,1,17483,1,5047,0.4,2394,0.2
4/1/23,50-64,"Asian, non-Latinx",27117,25786,1,23214,0.9,17232,0.6,8655,0.3
11/20/21,65+,"Black, non-Latinx",125967,88725,0.7,83496,0.7,34601,0.3,0,0
5/14/22,30-49,All,809519,679317,0.8,618950,0.8,335094,0.4,0,0
4/9/22,50-64,Latinx,114048,105554,0.9,98825,0.9,63257,0.6,0,0
3/5/22,65+,All,362629,286549,0.8,267565,0.7,200835,0.6,0,0
6/17/23,18-29,All,526788,452238,0.9,375797,0.7,161663,0.3,78261,0.1
1/28/23,65+,"Other, non-Latinx",3206,8417,1,6960,1,4457,1,2831,0.9
10/8/22,0-4,Unknown,,2134,,1181,,4,,0,
12/18/21,30-49,"Black, non-Latinx",197825,114286,0.6,102484,0.5,20623,0.1,0,0
10/15/22,50-64,"Other, non-Latinx",3063,14162,1,11858,1,5458,1,985,0.3
10/30/21,18-29,All,526788,361435,0.7,326079,0.6,14306,0,0,0
4/10/21,18-29,"Asian, non-Latinx",41068,18679,0.5,8460,0.2,0,0,0,0
7/29/23,0-4,Latinx,54903,9073,0.2,3250,0.1,30,0,2964,0.1
1/21/23,30-49,"Black, non-Latinx",197825,132639,0.7,119453,0.6,48766,0.2,18764,0.1
7/15/23,18-29,Latinx,147161,133996,0.9,115927,0.8,45860,0.3,18047,0.1
8/7/21,65+,All,362629,261868,0.7,247197,0.7,0,0,0,0
5/8/21,65+,All,362629,242197,0.7,218246,0.6,0,0,0,0
2/26/22,30-49,Latinx,226340,195946,0.9,178289,0.8,81159,0.4,0,0
7/10/21,65+,"Other, non-Latinx",3206,6184,1,5583,1,0,0,0,0
2/5/22,18-29,"Black, non-Latinx",139472,67592,0.5,54129,0.4,12801,0.1,0,0
8/7/21,0-4,Latinx,54903,0,0,0,0,0,0,0,0
8/7/21,0-4,"Black, non-Latinx",47946,0,0,0,0,0,0,0,0
8/7/21,0-4,"White, non-Latinx",42995,0,0,0,0,0,0,0,0
8/7/21,0-4,"Asian, non-Latinx",9998,0,0,0,0,0,0,0,0
8/7/21,0-4,"Other, non-Latinx",6925,0,0,0,0,0,0,0,0
8/7/21,0-4,Unknown,,0,,0,,0,,0,
8/7/21,0-4,All,162797,0,0,0,0,0,0,0,0
5/21/22,65+,Latinx,71039,56049,0.8,52485,0.7,41020,0.6,0,0
11/6/21,65+,"White, non-Latinx",135462,98325,0.7,93260,0.7,43027,0.3,0,0
6/26/21,30-49,"White, non-Latinx",310259,206537,0.7,197237,0.6,0,0,0,0
7/29/23,65+,All,362629,298868,0.8,273691,0.8,218888,0.6,162516,0.4
8/12/23,0-4,"Other, non-Latinx",6925,1516,0.2,669,0.1,0,0,547,0.1
1/29/22,50-64,All,439599,389886,0.9,360631,0.8,208111,0.5,0,0
7/16/22,50-64,Latinx,114048,106381,0.9,99415,0.9,66401,0.6,0,0
2/12/22,50-64,Latinx,114048,104815,0.9,97828,0.9,58624,0.5,0,0
11/13/21,65+,All,362629,276034,0.8,259512,0.7,103549,0.3,0,0
1/21/23,18-29,All,526788,448603,0.9,374852,0.7,161603,0.3,67755,0.1
4/9/22,50-64,All,439599,394682,0.9,367043,0.8,230995,0.5,0,0
9/16/23,65+,"White, non-Latinx",135462,103959,0.8,97459,0.7,80738,0.6,65828,0.5
10/2/21,50-64,Unknown,,12703,,11108,,150,,0,
2/13/21,18-29,Unknown,,2589,,1602,,0,,0,
7/10/21,18-29,Unknown,,13749,,12185,,0,,0,
4/1/23,65+,"White, non-Latinx",135462,103761,0.8,97456,0.7,80738,0.6,64068,0.5
4/16/22,65+,Unknown,,10798,,8719,,3788,,0,
4/16/22,30-49,"White, non-Latinx",310259,236775,0.8,220946,0.7,151034,0.5,0,0
6/26/21,30-49,All,809519,520179,0.6,481199,0.6,0,0,0,0
7/8/23,65+,"White, non-Latinx",135462,103912,0.8,97457,0.7,80738,0.6,65491,0.5
11/27/21,30-49,"Asian, non-Latinx",64910,50875,0.8,48057,0.7,13374,0.2,0,0
8/14/21,0-4,Latinx,54903,0,0,0,0,0,0,0,0
8/14/21,0-4,"Black, non-Latinx",47946,0,0,0,0,0,0,0,0
8/14/21,0-4,"White, non-Latinx",42995,0,0,0,0,0,0,0,0
8/14/21,0-4,"Asian, non-Latinx",9998,0,0,0,0,0,0,0,0
8/14/21,0-4,"Other, non-Latinx",6925,0,0,0,0,0,0,0,0
8/14/21,0-4,Unknown,,0,,0,,0,,0,
8/14/21,0-4,All,162797,0,0,0,0,0,0,0,0
8/19/23,18-29,All,526788,453249,0.9,375808,0.7,161682,0.3,80711,0.2
5/21/22,30-49,All,809519,679746,0.8,619260,0.8,336220,0.4,0,0
10/30/21,30-49,"White, non-Latinx",310259,221394,0.7,211564,0.7,26299,0.1,0,0
9/17/22,18-29,All,526788,436928,0.8,373096,0.7,161414,0.3,6324,0
2/20/21,18-29,Unknown,,2765,,1822,,0,,0,
8/27/22,65+,Latinx,71039,56594,0.8,52968,0.7,42874,0.6,0,0
6/26/21,50-64,All,439599,327976,0.7,304786,0.7,0,0,0,0
1/14/23,18-29,Latinx,147161,132569,0.9,115687,0.8,45833,0.3,13435,0.1
5/8/21,50-64,Latinx,114048,80362,0.7,64790,0.6,0,0,0,0
3/13/21,50-64,"Other, non-Latinx",3063,2417,0.8,1269,0.4,0,0,0,0
5/6/23,50-64,"White, non-Latinx",149921,119957,0.8,112922,0.8,82705,0.6,55441,0.4
11/27/21,50-64,Latinx,114048,100016,0.9,94765,0.8,20122,0.2,0,0
4/1/23,0-4,All,162797,31023,0.2,17839,0.1,70,0,5308,0
7/15/23,0-4,"Other, non-Latinx",6925,1479,0.2,669,0.1,0,0,476,0.1
9/4/21,18-29,All,526788,337822,0.6,302577,0.6,797,0,0,0
8/28/21,18-29,"Other, non-Latinx",11506,15311,1,12775,1,17,0,0,0
10/16/21,18-29,Unknown,,15174,,13387,,334,,0,
7/16/22,50-64,"White, non-Latinx",149921,118247,0.8,112545,0.8,82009,0.5,0,0
5/27/23,0-4,All,162797,32294,0.2,18063,0.1,81,0,8508,0.1
4/1/23,18-29,"Other, non-Latinx",11506,23081,1,17475,1,5047,0.4,2286,0.2
6/18/22,18-29,"Black, non-Latinx",139472,72441,0.5,60466,0.4,16855,0.1,0,0
9/16/23,50-64,"Other, non-Latinx",3063,14485,1,11890,1,5466,1,2940,1
6/4/22,18-29,"Other, non-Latinx",11506,22014,1,17213,1,4820,0.4,0,0
12/10/22,18-29,"White, non-Latinx",187581,151218,0.8,127790,0.7,67828,0.4,29842,0.2
8/21/21,0-4,Latinx,54903,0,0,0,0,0,0,0,0
8/21/21,0-4,"Black, non-Latinx",47946,0,0,0,0,0,0,0,0
8/21/21,0-4,"White, non-Latinx",42995,0,0,0,0,0,0,0,0
8/21/21,0-4,"Asian, non-Latinx",9998,0,0,0,0,0,0,0,0
8/21/21,0-4,"Other, non-Latinx",6925,0,0,0,0,0,0,0,0
8/21/21,0-4,Unknown,,0,,0,,0,,0,
8/21/21,0-4,All,162797,0,0,0,0,0,0,0,0
5/28/22,18-29,Latinx,147161,129337,0.9,114603,0.8,43138,0.3,0,0
5/14/22,18-29,Unknown,,19253,,14901,,3418,,0,
12/10/22,30-49,"Asian, non-Latinx",64910,55510,0.9,50066,0.8,35297,0.5,15497,0.2
6/26/21,50-64,Unknown,,11442,,9843,,0,,0,
10/9/21,50-64,All,439599,362122,0.8,340112,0.8,13200,0,0,0
1/21/23,65+,All,362629,297510,0.8,273582,0.8,218819,0.6,145802,0.4
2/11/23,18-29,Latinx,147161,132851,0.9,115762,0.8,45841,0.3,14619,0.1
4/29/23,30-49,"White, non-Latinx",310259,242360,0.8,222269,0.7,155096,0.5,100583,0.3
5/21/22,50-64,"Black, non-Latinx",145449,118208,0.8,110529,0.8,65103,0.4,0,0
5/28/22,50-64,"White, non-Latinx",149921,117977,0.8,112071,0.7,81043,0.5,0,0
11/5/22,50-64,"Other, non-Latinx",3063,14221,1,11864,1,5460,1,1532,0.5
5/8/21,50-64,"Black, non-Latinx",145449,79000,0.5,62500,0.4,0,0,0,0
10/1/22,0-4,"Other, non-Latinx",6925,730,0.1,272,0,0,0,0,0
8/13/22,30-49,All,809519,683512,0.8,622179,0.8,345397,0.4,0,0
4/17/21,50-64,"Black, non-Latinx",145449,67239,0.5,45138,0.3,0,0,0,0
2/26/22,18-29,Latinx,147161,127535,0.9,112484,0.8,38816,0.3,0,0
4/22/23,65+,Latinx,71039,57796,0.8,53088,0.7,43054,0.6,26738,0.4
5/15/21,65+,Latinx,71039,47346,0.7,43080,0.6,0,0,0,0
8/14/21,65+,"Asian, non-Latinx",26955,18272,0.7,17386,0.6,5,0,0,0
7/3/21,30-49,"Other, non-Latinx",10186,19651,1,17596,1,0,0,0,0
7/10/21,65+,"White, non-Latinx",135462,92810,0.7,89423,0.7,0,0,0,0
3/12/22,18-29,"Asian, non-Latinx",41068,41694,1,35478,0.9,19135,0.5,0,0
3/20/21,65+,"Black, non-Latinx",125967,58174,0.5,32928,0.3,0,0,0,0
5/13/23,65+,"Asian, non-Latinx",26955,20573,0.8,18983,0.7,15994,0.6,10434,0.4
2/11/23,18-29,"Black, non-Latinx",139472,76114,0.5,63032,0.5,18432,0.1,6815,0
8/27/22,18-29,"Black, non-Latinx",139472,73767,0.5,61605,0.4,18307,0.1,0,0
11/6/21,18-29,"White, non-Latinx",187581,130189,0.7,120620,0.6,10579,0.1,0,0
8/28/21,0-4,Latinx,54903,0,0,0,0,0,0,0,0
8/28/21,0-4,"Black, non-Latinx",47946,0,0,0,0,0,0,0,0
8/28/21,0-4,"White, non-Latinx",42995,0,0,0,0,0,0,0,0
8/28/21,0-4,"Asian, non-Latinx",9998,0,0,0,0,0,0,0,0
8/28/21,0-4,"Other, non-Latinx",6925,0,0,0,0,0,0,0,0
8/28/21,0-4,Unknown,,0,,0,,0,,0,
8/28/21,0-4,All,162797,0,0,0,0,0,0,0,0
6/3/23,50-64,"Black, non-Latinx",145449,121171,0.8,112013,0.8,69259,0.5,37845,0.3
2/6/21,18-29,Unknown,,2327,,1371,,0,,0,
10/30/21,50-64,"Other, non-Latinx",3063,12084,1,10606,1,670,0.2,0,0
3/26/22,50-64,"Asian, non-Latinx",27117,24758,0.9,22780,0.8,16241,0.6,0,0
2/19/22,18-29,"Black, non-Latinx",139472,69210,0.5,56432,0.4,13707,0.1,0,0
1/14/23,0-4,"Other, non-Latinx",6925,1144,0.2,576,0.1,0,0,37,0
9/24/22,30-49,All,809519,686544,0.8,623069,0.8,346930,0.4,37230,0
10/9/21,65+,Latinx,71039,52061,0.7,49441,0.7,3493,0,0,0
6/25/22,50-64,"Asian, non-Latinx",27117,25049,0.9,23039,0.8,16942,0.6,0,0
8/7/21,18-29,"White, non-Latinx",187581,122740,0.7,113785,0.6,0,0,0,0
12/3/22,65+,Latinx,71039,57410,0.8,53043,0.7,43035,0.6,18584,0.3
10/1/22,30-49,"Asian, non-Latinx",64910,54881,0.8,50023,0.8,35294,0.5,5217,0.1
9/9/23,30-49,"Asian, non-Latinx",64910,55967,0.9,50105,0.8,35305,0.5,19704,0.3
7/15/23,50-64,Latinx,114048,108642,1,99809,0.9,67538,0.6,34248,0.3
4/1/23,30-49,Unknown,,33568,,25610,,7812,,4405,
11/26/22,50-64,"White, non-Latinx",149921,119547,0.8,112877,0.8,82693,0.6,44278,0.3
2/13/21,50-64,"White, non-Latinx",149921,19990,0.1,7963,0.1,0,0,0,0
10/9/21,65+,"White, non-Latinx",135462,96659,0.7,92439,0.7,18320,0.1,0,0
5/27/23,18-29,"Black, non-Latinx",139472,76967,0.6,63414,0.5,18449,0.1,8399,0.1
4/8/23,30-49,"Black, non-Latinx",197825,133274,0.7,119896,0.6,48782,0.2,21447,0.1
8/20/22,30-49,Latinx,226340,198975,0.9,181036,0.8,90099,0.4,0,0
12/3/22,18-29,"Asian, non-Latinx",41068,43719,1,35942,0.9,20839,0.5,7234,0.2
9/4/21,0-4,Latinx,54903,0,0,0,0,0,0,0,0
9/4/21,0-4,"Black, non-Latinx",47946,0,0,0,0,0,0,0,0
9/4/21,0-4,"White, non-Latinx",42995,0,0,0,0,0,0,0,0
9/4/21,0-4,"Asian, non-Latinx",9998,0,0,0,0,0,0,0,0
9/4/21,0-4,"Other, non-Latinx",6925,0,0,0,0,0,0,0,0
9/4/21,0-4,Unknown,,0,,0,,0,,0,
9/4/21,0-4,All,162797,0,0,0,0,0,0,0,0
3/4/23,50-64,"Other, non-Latinx",3063,14411,1,11881,1,5463,1,2706,0.9
1/28/23,65+,"Asian, non-Latinx",26955,20512,0.8,18981,0.7,15994,0.6,9504,0.4
3/20/21,30-49,"White, non-Latinx",310259,85436,0.3,49122,0.2,0,0,0,0
7/22/23,18-29,"Asian, non-Latinx",41068,44283,1,35975,0.9,20843,0.5,10178,0.2
7/3/21,65+,"White, non-Latinx",135462,92588,0.7,89138,0.7,0,0,0,0
11/20/21,50-64,"Asian, non-Latinx",27117,23233,0.9,22105,0.8,5549,0.2,0,0
8/13/22,18-29,"White, non-Latinx",187581,147116,0.8,127563,0.7,67564,0.4,0,0
8/13/22,65+,"Asian, non-Latinx",26955,20163,0.7,18941,0.7,15934,0.6,0,0
2/18/23,30-49,Unknown,,33464,,25593,,7812,,4270,
10/15/22,65+,"Other, non-Latinx",3206,8246,1,6948,1,4449,1,1242,0.4
11/13/21,65+,"Asian, non-Latinx",26955,18955,0.7,18067,0.7,7251,0.3,0,0
3/25/23,30-49,Unknown,,33548,,25607,,7812,,4377,
11/20/21,18-29,"Asian, non-Latinx",41068,36827,0.9,33799,0.8,4307,0.1,0,0
9/16/23,30-49,"Asian, non-Latinx",64910,55969,0.9,50106,0.8,35306,0.5,19712,0.3
7/9/22,65+,"White, non-Latinx",135462,101802,0.8,97090,0.7,80015,0.6,0,0
7/17/21,65+,All,362629,258509,0.7,244367,0.7,0,0,0,0
4/8/23,18-29,"White, non-Latinx",187581,152198,0.8,127879,0.7,67839,0.4,36013,0.2
9/11/21,18-29,"Asian, non-Latinx",41068,34901,0.8,32339,0.8,96,0,0,0
9/9/23,50-64,Latinx,114048,108767,1,99810,0.9,67539,0.6,34784,0.3
9/24/22,30-49,Unknown,,31807,,25458,,7784,,761,
4/30/22,18-29,"Black, non-Latinx",139472,71446,0.5,59641,0.4,15905,0.1,0,0
11/26/22,18-29,Latinx,147161,131838,0.9,115548,0.8,45812,0.3,9557,0.1
5/6/23,18-29,"Other, non-Latinx",11506,23126,1,17482,1,5047,0.4,2362,0.2
9/11/21,0-4,Latinx,54903,0,0,0,0,0,0,0,0
9/11/21,0-4,"Black, non-Latinx",47946,0,0,0,0,0,0,0,0
9/11/21,0-4,"White, non-Latinx",42995,0,0,0,0,0,0,0,0
9/11/21,0-4,"Asian, non-Latinx",9998,0,0,0,0,0,0,0,0
9/11/21,0-4,"Other, non-Latinx",6925,0,0,0,0,0,0,0,0
9/11/21,0-4,Unknown,,0,,0,,0,,0,
9/11/21,0-4,All,162797,0,0,0,0,0,0,0,0
9/25/21,18-29,"White, non-Latinx",187581,127099,0.7,118219,0.6,740,0,0,0
12/3/22,65+,"White, non-Latinx",135462,103438,0.8,97424,0.7,80727,0.6,56706,0.4
1/23/21,18-29,All,526788,23662,0,9116,0,0,0,0,0
7/15/23,65+,Unknown,,11917,,8875,,4150,,2298,
1/22/22,30-49,Latinx,226340,191101,0.8,171848,0.8,67746,0.3,0,0
8/6/22,65+,Latinx,71039,56500,0.8,52898,0.7,42598,0.6,0,0
3/26/22,30-49,"Asian, non-Latinx",64910,54099,0.8,49687,0.8,33703,0.5,0,0
11/13/21,30-49,"Other, non-Latinx",10186,26489,1,23199,1,2067,0.2,0,0
7/3/21,30-49,Latinx,226340,150795,0.7,138673,0.6,0,0,0,0
2/12/22,65+,Latinx,71039,55482,0.8,51853,0.7,37816,0.5,0,0
10/9/21,50-64,"Black, non-Latinx",145449,106804,0.7,98379,0.7,3247,0,0,0
1/7/23,0-4,Unknown,,2542,,1828,,6,,99,
11/13/21,18-29,"Other, non-Latinx",11506,17973,1,15082,1,736,0.1,0,0
9/11/21,30-49,"Asian, non-Latinx",64910,48903,0.8,46446,0.7,402,0,0,0
12/10/22,30-49,"White, non-Latinx",310259,241460,0.8,222114,0.7,155077,0.5,87549,0.3
8/13/22,0-4,Unknown,,1521,,371,,0,,0,
8/13/22,0-4,All,162797,15375,0.1,3722,0,2,0,0,0
8/27/22,18-29,"Asian, non-Latinx",41068,42509,1,35866,0.9,20816,0.5,0,0
6/18/22,18-29,All,526788,432393,0.8,370428,0.7,155814,0.3,0,0
4/2/22,18-29,Unknown,,19089,,14847,,3336,,0,
1/7/23,50-64,"White, non-Latinx",149921,119761,0.8,112897,0.8,82700,0.6,51673,0.3
9/4/21,65+,"Other, non-Latinx",3206,6632,1,5954,1,78,0,0,0
10/16/21,30-49,All,809519,599090,0.7,555802,0.7,24197,0,0,0
5/21/22,18-29,All,526788,430974,0.8,369469,0.7,153544,0.3,0,0
2/25/23,65+,All,362629,297864,0.8,273635,0.8,218836,0.6,151837,0.4
10/22/22,50-64,"Black, non-Latinx",145449,119721,0.8,111593,0.8,69107,0.5,13734,0.1
9/18/21,0-4,Latinx,54903,0,0,0,0,0,0,0,0
9/18/21,0-4,"Black, non-Latinx",47946,0,0,0,0,0,0,0,0
9/18/21,0-4,"White, non-Latinx",42995,0,0,0,0,0,0,0,0
9/18/21,0-4,"Asian, non-Latinx",9998,0,0,0,0,0,0,0,0
9/18/21,0-4,"Other, non-Latinx",6925,0,0,0,0,0,0,0,0
9/18/21,0-4,Unknown,,0,,0,,0,,0,
9/18/21,0-4,All,162797,0,0,0,0,0,0,0,0
9/25/21,18-29,"Other, non-Latinx",11506,16501,1,13800,1,48,0,0,0
8/14/21,65+,"Other, non-Latinx",3206,6422,1,5811,1,2,0,0,0
12/10/22,50-64,"White, non-Latinx",149921,119646,0.8,112887,0.8,82694,0.6,47707,0.3
7/15/23,30-49,Unknown,,33744,,25615,,7813,,4644,
7/1/23,30-49,"Black, non-Latinx",197825,133821,0.7,119967,0.6,48792,0.2,23217,0.1
5/14/22,18-29,"White, non-Latinx",187581,146336,0.8,127045,0.7,65684,0.4,0,0
2/19/22,18-29,"Other, non-Latinx",11506,21550,1,16819,1,4299,0.4,0,0
2/18/23,65+,"Other, non-Latinx",3206,8422,1,6961,1,4457,1,2897,0.9
2/27/21,18-29,"White, non-Latinx",187581,24122,0.1,15183,0.1,0,0,0,0
3/4/23,30-49,"Black, non-Latinx",197825,133009,0.7,119704,0.6,48773,0.2,20526,0.1
5/1/21,30-49,"Black, non-Latinx",197825,59092,0.3,41700,0.2,0,0,0,0
5/7/22,30-49,"Asian, non-Latinx",64910,54250,0.8,49787,0.8,34301,0.5,0,0
3/18/23,0-4,"Asian, non-Latinx",9998,2701,0.3,1529,0.2,5,0,482,0
11/6/21,30-49,"Other, non-Latinx",10186,26280,1,22979,1,1622,0.2,0,0
10/22/22,65+,"Black, non-Latinx",125967,94022,0.7,88155,0.7,70330,0.6,20589,0.2
6/26/21,65+,"Asian, non-Latinx",26955,17822,0.7,16873,0.6,0,0,0,0
1/9/21,30-49,Unknown,,2092,,653,,0,,0,
7/2/22,18-29,Latinx,147161,129710,0.9,114856,0.8,44038,0.3,0,0
6/11/22,18-29,Unknown,,19366,,14923,,3471,,0,
8/7/21,65+,"White, non-Latinx",135462,93852,0.7,90362,0.7,0,0,0,0
10/30/21,30-49,"Other, non-Latinx",10186,26085,1,22700,1,1261,0.1,0,0
9/25/21,0-4,Latinx,54903,0,0,0,0,0,0,0,0
9/25/21,0-4,"Black, non-Latinx",47946,0,0,0,0,0,0,0,0
9/25/21,0-4,"White, non-Latinx",42995,0,0,0,0,0,0,0,0
9/25/21,0-4,"Asian, non-Latinx",9998,0,0,0,0,0,0,0,0
9/25/21,0-4,"Other, non-Latinx",6925,0,0,0,0,0,0,0,0
9/25/21,0-4,Unknown,,0,,0,,0,,0,
9/25/21,0-4,All,162797,0,0,0,0,0,0,0,0
10/22/22,0-4,"White, non-Latinx",42995,10547,0.2,6859,0.2,9,0,0,0
11/20/21,50-64,All,439599,372069,0.8,349512,0.8,79034,0.2,0,0
1/23/21,18-29,Unknown,,1819,,838,,0,,0,
6/19/21,30-49,"Other, non-Latinx",10186,19048,1,16814,1,0,0,0,0
2/25/23,0-4,Latinx,54903,7661,0.1,3029,0.1,23,0,701,0
11/12/22,65+,Unknown,,11602,,8862,,4147,,1321,
10/1/22,18-29,"Asian, non-Latinx",41068,42896,1,35903,0.9,20833,0.5,2276,0.1
6/4/22,18-29,Unknown,,19337,,14917,,3461,,0,
6/3/23,65+,Latinx,71039,57857,0.8,53088,0.7,43055,0.6,27558,0.4
10/22/22,65+,Latinx,71039,57072,0.8,53019,0.7,43016,0.6,10420,0.1
2/18/23,30-49,"White, non-Latinx",310259,242123,0.8,222216,0.7,155090,0.5,98206,0.3
5/21/22,65+,"Other, non-Latinx",3206,7983,1,6843,1,4192,1,0,0
6/17/23,0-4,"Other, non-Latinx",6925,1438,0.2,669,0.1,0,0,405,0.1
1/14/23,18-29,All,526788,448312,0.9,374792,0.7,161596,0.3,66696,0.1
3/11/23,50-64,"Black, non-Latinx",145449,120900,0.8,111946,0.8,69239,0.5,35485,0.2
1/2/21,18-29,"Black, non-Latinx",139472,460,0,0,0,0,0,0,0
8/6/22,50-64,Latinx,114048,106591,0.9,99522,0.9,66958,0.6,0,0
5/20/23,18-29,"Black, non-Latinx",139472,76901,0.6,63412,0.5,18447,0.1,8233,0.1
4/29/23,0-4,"Asian, non-Latinx",9998,2780,0.3,1557,0.2,6,0,662,0.1
1/15/22,30-49,"Other, non-Latinx",10186,29214,1,24422,1,7326,0.7,0,0
10/2/21,0-4,Latinx,54903,0,0,0,0,0,0,0,0
10/2/21,0-4,"Black, non-Latinx",47946,0,0,0,0,0,0,0,0
10/2/21,0-4,"White, non-Latinx",42995,0,0,0,0,0,0,0,0
10/2/21,0-4,"Asian, non-Latinx",9998,0,0,0,0,0,0,0,0
10/2/21,0-4,"Other, non-Latinx",6925,0,0,0,0,0,0,0,0
10/2/21,0-4,Unknown,,0,,0,,0,,0,
10/2/21,0-4,All,162797,0,0,0,0,0,0,0,0
7/22/23,0-4,"Asian, non-Latinx",9998,2947,0.3,1557,0.2,6,0,1132,0.1
9/17/22,50-64,Unknown,,15856,,12760,,4697,,163,
10/15/22,30-49,"Asian, non-Latinx",64910,55048,0.8,50037,0.8,35295,0.5,8027,0.1
7/31/21,65+,Unknown,,9099,,7731,,0,,0,
11/12/22,65+,Latinx,71039,57274,0.8,53036,0.7,43032,0.6,15263,0.2
1/22/22,18-29,Unknown,,18002,,14226,,2828,,0,
3/11/23,65+,"Black, non-Latinx",125967,95729,0.8,88308,0.7,70456,0.6,49232,0.4
7/9/22,18-29,Latinx,147161,129785,0.9,114907,0.8,44270,0.3,0,0
3/19/22,50-64,"Black, non-Latinx",145449,117406,0.8,109600,0.8,61177,0.4,0,0
9/2/23,65+,Unknown,,11938,,8875,,4151,,2330,
7/2/22,0-4,"White, non-Latinx",42995,3027,0.1,0,0,0,0,0,0
3/4/23,65+,Latinx,71039,57703,0.8,53078,0.7,43048,0.6,25399,0.4
12/26/20,50-64,All,439599,4090,0,0,0,0,0,0,0
5/20/23,0-4,Latinx,54903,8509,0.2,3245,0.1,29,0,1776,0
8/13/22,50-64,"Asian, non-Latinx",27117,25191,0.9,23133,0.9,17174,0.6,0,0
3/4/23,18-29,Unknown,,21335,,15085,,3620,,2480,
6/5/21,50-64,"Other, non-Latinx",3063,8843,1,7501,1,0,0,0,0
8/28/21,18-29,"Black, non-Latinx",139472,43929,0.3,36271,0.3,48,0,0,0
6/25/22,50-64,All,439599,397488,0.9,370043,0.8,240848,0.5,0,0
11/6/21,50-64,"Asian, non-Latinx",27117,23039,0.8,22000,0.8,3519,0.1,0,0
12/11/21,30-49,Latinx,226340,181019,0.8,167746,0.7,34254,0.2,0,0
4/8/23,0-4,All,162797,31191,0.2,17914,0.1,76,0,5572,0
1/28/23,65+,All,362629,297581,0.8,273593,0.8,218821,0.6,147194,0.4
2/26/22,65+,Latinx,71039,55592,0.8,51970,0.7,38573,0.5,0,0
6/25/22,18-29,Latinx,147161,129638,0.9,114798,0.8,43842,0.3,0,0
10/9/21,0-4,Latinx,54903,0,0,0,0,0,0,0,0
10/9/21,0-4,"Black, non-Latinx",47946,0,0,0,0,0,0,0,0
10/9/21,0-4,"White, non-Latinx",42995,0,0,0,0,0,0,0,0
10/9/21,0-4,"Asian, non-Latinx",9998,0,0,0,0,0,0,0,0
10/9/21,0-4,"Other, non-Latinx",6925,0,0,0,0,0,0,0,0
10/9/21,0-4,Unknown,,0,,0,,0,,0,
10/9/21,0-4,All,162797,0,0,0,0,0,0,0,0
10/8/22,65+,Latinx,71039,56916,0.8,53011,0.7,42993,0.6,6707,0.1
1/22/22,65+,"Black, non-Latinx",125967,90861,0.7,85538,0.7,58741,0.5,0,0
5/15/21,65+,"Other, non-Latinx",3206,5626,1,4826,1,0,0,0,0
1/30/21,50-64,"Other, non-Latinx",3063,833,0.3,298,0.1,0,0,0,0
9/9/23,50-64,All,439599,407312,0.9,372643,0.8,246926,0.6,144189,0.3
11/12/22,30-49,"Black, non-Latinx",197825,131798,0.7,118960,0.6,48706,0.2,11988,0.1
1/16/21,50-64,All,439599,16902,0,4163,0,0,0,0,0
5/13/23,30-49,Unknown,,33659,,25613,,7812,,4529,
11/26/22,50-64,Latinx,114048,107655,0.9,99713,0.9,67499,0.6,20195,0.2
2/19/22,30-49,Latinx,226340,195450,0.9,177448,0.8,79694,0.4,0,0
9/4/21,50-64,"Other, non-Latinx",3063,10982,1,9578,1,57,0,0,0
4/2/22,18-29,All,526788,427995,0.8,367287,0.7,148369,0.3,0,0
11/27/21,50-64,"Black, non-Latinx",145449,110750,0.8,103156,0.7,22538,0.2,0,0
1/7/23,18-29,"Black, non-Latinx",139472,75722,0.5,62776,0.4,18428,0.1,5995,0
4/23/22,18-29,"Asian, non-Latinx",41068,41994,1,35634,0.9,19784,0.5,0,0
10/23/21,65+,"White, non-Latinx",135462,97325,0.7,92770,0.7,28009,0.2,0,0
12/11/21,50-64,All,439599,377242,0.9,353020,0.8,129363,0.3,0,0
8/21/21,50-64,All,439599,347850,0.8,324735,0.7,1023,0,0,0
7/22/23,0-4,All,162797,33458,0.2,18070,0.1,84,0,11476,0.1
9/2/23,50-64,"Asian, non-Latinx",27117,25909,1,23214,0.9,17232,0.6,9059,0.3
12/18/21,30-49,Latinx,226340,181995,0.8,168348,0.7,40439,0.2,0,0
12/31/22,18-29,"Other, non-Latinx",11506,22896,1,17429,1,5044,0.4,1903,0.2
10/8/22,65+,"White, non-Latinx",135462,102676,0.8,97394,0.7,80703,0.6,30377,0.2
7/22/23,18-29,Latinx,147161,134063,0.9,115928,0.8,45861,0.3,18171,0.1
2/19/22,50-64,"Asian, non-Latinx",27117,24644,0.9,22686,0.8,15766,0.6,0,0
10/16/21,0-4,Latinx,54903,0,0,0,0,0,0,0,0
10/16/21,0-4,"Black, non-Latinx",47946,0,0,0,0,0,0,0,0
10/16/21,0-4,"White, non-Latinx",42995,0,0,0,0,0,0,0,0
10/16/21,0-4,"Asian, non-Latinx",9998,0,0,0,0,0,0,0,0
10/16/21,0-4,"Other, non-Latinx",6925,0,0,0,0,0,0,0,0
10/16/21,0-4,Unknown,,0,,0,,0,,0,
10/16/21,0-4,All,162797,0,0,0,0,0,0,0,0
4/9/22,65+,"Asian, non-Latinx",26955,19861,0.7,18595,0.7,15125,0.6,0,0
8/7/21,50-64,"Other, non-Latinx",3063,10219,1,9009,1,0,0,0,0
7/10/21,65+,"Black, non-Latinx",125967,81838,0.6,76407,0.6,0,0,0,0
8/5/23,18-29,Unknown,,21558,,15097,,3621,,2748,
3/12/22,50-64,"Black, non-Latinx",145449,117268,0.8,109428,0.8,60573,0.4,0,0
9/24/22,0-4,Unknown,,2021,,953,,3,,0,
6/26/21,50-64,"Black, non-Latinx",145449,91944,0.6,83325,0.6,0,0,0,0
7/24/21,18-29,"Other, non-Latinx",11506,13516,1,11735,1,0,0,0,0
12/25/21,18-29,"Asian, non-Latinx",41068,38637,0.9,34338,0.8,11417,0.3,0,0
4/9/22,50-64,"White, non-Latinx",149921,117565,0.8,111161,0.7,79357,0.5,0,0
11/5/22,0-4,Unknown,,2298,,1495,,4,,0,
4/22/23,0-4,All,162797,31572,0.2,18052,0.1,80,0,6211,0
11/5/22,50-64,All,439599,402687,0.9,372002,0.8,246694,0.6,78932,0.2
11/26/22,0-4,Unknown,,2387,,1663,,5,,0,
4/16/22,17-Dec,"Black, non-Latinx",57964,32670,0.6,28167,0.5,4471,0.1,0,0
10/15/22,65+,"Asian, non-Latinx",26955,20298,0.8,18965,0.7,15991,0.6,3681,0.1
4/23/22,65+,"Asian, non-Latinx",26955,19907,0.7,18659,0.7,15266,0.6,0,0
4/9/22,18-29,"Other, non-Latinx",11506,21832,1,17119,1,4646,0.4,0,0
3/18/23,30-49,All,809519,699248,0.9,625380,0.8,347256,0.4,183747,0.2
2/20/21,30-49,Unknown,,4947,,2956,,0,,0,
9/3/22,18-29,Latinx,147161,130357,0.9,115274,0.8,45745,0.3,8,0
2/4/23,65+,"Asian, non-Latinx",26955,20517,0.8,18983,0.7,15994,0.6,9599,0.4
7/8/23,18-29,"White, non-Latinx",187581,152409,0.8,127895,0.7,67844,0.4,36860,0.2
10/23/21,0-4,Latinx,54903,0,0,0,0,0,0,0,0
10/23/21,0-4,"Black, non-Latinx",47946,0,0,0,0,0,0,0,0
10/23/21,0-4,"White, non-Latinx",42995,0,0,0,0,0,0,0,0
10/23/21,0-4,"Asian, non-Latinx",9998,0,0,0,0,0,0,0,0
10/23/21,0-4,"Other, non-Latinx",6925,0,0,0,0,0,0,0,0
10/23/21,0-4,Unknown,,0,,0,,0,,0,
10/23/21,0-4,All,162797,0,0,0,0,0,0,0,0
6/26/21,50-64,"White, non-Latinx",149921,103967,0.7,99127,0.7,0,0,0,0
3/26/22,65+,"Other, non-Latinx",3206,7886,1,6737,1,3997,1,0,0
2/18/23,18-29,Unknown,,21309,,15084,,3619,,2452,
10/1/22,30-49,"White, non-Latinx",310259,238972,0.8,221961,0.7,155043,0.5,32793,0.1
3/12/22,30-49,"White, non-Latinx",310259,236358,0.8,220483,0.7,149222,0.5,0,0
10/16/21,65+,All,362629,271465,0.7,256024,0.7,41634,0.1,0,0
6/11/22,30-49,Unknown,,31184,,25316,,7550,,0,
2/27/21,50-64,"Asian, non-Latinx",27117,4414,0.2,2411,0.1,0,0,0,0
7/22/23,30-49,"White, non-Latinx",310259,242549,0.8,222271,0.7,155097,0.5,101729,0.3
4/29/23,65+,"White, non-Latinx",135462,103811,0.8,97456,0.7,80738,0.6,64537,0.5
2/19/22,30-49,"Asian, non-Latinx",64910,53840,0.8,49491,0.8,32653,0.5,0,0
4/23/22,30-49,All,809519,678137,0.8,618008,0.8,331625,0.4,0,0
7/2/22,50-64,"Asian, non-Latinx",27117,25077,0.9,23048,0.8,16968,0.6,0,0
1/28/23,0-4,Unknown,,2601,,1865,,6,,228,
6/18/22,18-29,Latinx,147161,129573,0.9,114755,0.8,43688,0.3,0,0
12/4/21,30-49,Latinx,226340,180067,0.8,167048,0.7,27947,0.1,0,0
6/12/21,50-64,"Other, non-Latinx",3063,9029,1,7796,1,0,0,0,0
6/4/22,50-64,"Black, non-Latinx",145449,118336,0.8,110672,0.8,65757,0.5,0,0
6/5/21,50-64,Latinx,114048,87224,0.8,79198,0.7,0,0,0,0
2/18/23,50-64,"Other, non-Latinx",3063,14396,1,11879,1,5463,1,2658,0.9
6/3/23,18-29,"Asian, non-Latinx",41068,44261,1,35975,0.9,20843,0.5,10069,0.2
7/15/23,30-49,"Other, non-Latinx",10186,31775,1,26070,1,9779,1,4800,0.5
11/27/21,65+,"Asian, non-Latinx",26955,19113,0.7,18143,0.7,9221,0.3,0,0
3/18/23,18-29,"White, non-Latinx",187581,152127,0.8,127864,0.7,67838,0.4,35661,0.2
10/30/21,0-4,Latinx,54903,0,0,0,0,0,0,0,0
10/30/21,0-4,"Black, non-Latinx",47946,0,0,0,0,0,0,0,0
10/30/21,0-4,"White, non-Latinx",42995,0,0,0,0,0,0,0,0
10/30/21,0-4,"Asian, non-Latinx",9998,0,0,0,0,0,0,0,0
10/30/21,0-4,"Other, non-Latinx",6925,0,0,0,0,0,0,0,0
10/30/21,0-4,Unknown,,0,,0,,0,,0,
10/30/21,0-4,All,162797,0,0,0,0,0,0,0,0
5/13/23,30-49,"Asian, non-Latinx",64910,55899,0.9,50103,0.8,35304,0.5,19321,0.3
9/16/23,65+,"Other, non-Latinx",3206,8478,1,6963,1,4461,1,3176,1
9/24/22,30-49,"Other, non-Latinx",10186,30903,1,25954,1,9758,1,802,0.1
8/28/21,30-49,"Asian, non-Latinx",64910,48489,0.7,46021,0.7,213,0,0,0
4/8/23,50-64,"Black, non-Latinx",145449,121019,0.8,111985,0.8,69247,0.5,36517,0.3
2/13/21,18-29,"Black, non-Latinx",139472,3214,0,1296,0,0,0,0,0
7/2/22,30-49,Latinx,226340,198373,0.9,180739,0.8,88509,0.4,0,0
8/13/22,30-49,"Asian, non-Latinx",64910,54553,0.8,49969,0.8,35216,0.5,0,0
2/20/21,30-49,"Asian, non-Latinx",64910,9385,0.1,5975,0.1,0,0,0,0
4/15/23,18-29,All,526788,450944,0.9,375734,0.7,161646,0.3,74843,0.1
1/9/21,50-64,"White, non-Latinx",149921,5151,0,1152,0,0,0,0,0
7/30/22,30-49,"Asian, non-Latinx",64910,54518,0.8,49952,0.8,35135,0.5,0,0
1/23/21,18-29,"Asian, non-Latinx",41068,3215,0.1,1435,0,0,0,0,0
2/18/23,0-4,"Other, non-Latinx",6925,1247,0.2,617,0.1,0,0,109,0
3/5/22,18-29,Unknown,,18908,,14755,,3248,,0,
6/18/22,65+,All,362629,289426,0.8,271747,0.7,213381,0.6,0,0
3/11/23,18-29,Latinx,147161,133136,0.9,115844,0.8,45849,0.3,15534,0.1
4/2/22,18-29,"White, non-Latinx",187581,145877,0.8,126758,0.7,64381,0.3,0,0
9/16/23,30-49,"White, non-Latinx",310259,242646,0.8,222274,0.7,155098,0.5,102174,0.3
1/21/23,30-49,"White, non-Latinx",310259,241956,0.8,222174,0.7,155087,0.5,96178,0.3
10/16/21,65+,Latinx,71039,52205,0.7,49564,0.7,4787,0.1,0,0
4/3/21,18-29,All,526788,141597,0.3,65012,0.1,0,0,0,0
1/15/22,11-May,"Asian, non-Latinx",10651,6649,0.6,5179,0.5,29,0,0,0
2/19/22,50-64,"White, non-Latinx",149921,117180,0.8,110524,0.7,77355,0.5,0,0
7/22/23,50-64,Latinx,114048,108656,1,99809,0.9,67538,0.6,34325,0.3
12/18/21,17-Dec,"Other, non-Latinx",3047,4506,1,3583,1,40,0,0,0
6/12/21,11-May,"Asian, non-Latinx",10651,0,0,0,0,0,0,0,0
11/6/21,0-4,Latinx,54903,0,0,0,0,0,0,0,0
11/6/21,0-4,"Black, non-Latinx",47946,0,0,0,0,0,0,0,0
11/6/21,0-4,"White, non-Latinx",42995,0,0,0,0,0,0,0,0
11/6/21,0-4,"Asian, non-Latinx",9998,0,0,0,0,0,0,0,0
11/6/21,0-4,"Other, non-Latinx",6925,0,0,0,0,0,0,0,0
11/6/21,0-4,Unknown,,0,,0,,0,,0,
11/6/21,0-4,All,162797,0,0,0,0,0,0,0,0
4/15/23,50-64,Unknown,,16644,,12793,,4706,,2210,
6/17/23,0-4,All,162797,32708,0.2,18065,0.1,82,0,9741,0.1
2/25/23,50-64,Latinx,114048,108238,0.9,99775,0.9,67526,0.6,30811,0.3
5/6/23,50-64,"Asian, non-Latinx",27117,25826,1,23214,0.9,17232,0.6,8810,0.3
6/4/22,50-64,"Other, non-Latinx",3063,13897,1,11773,1,5221,1,0,0
4/29/23,65+,Unknown,,11869,,8874,,4149,,2188,
8/20/22,18-29,"White, non-Latinx",187581,147157,0.8,127590,0.7,67666,0.4,0,0
10/15/22,65+,All,362629,293487,0.8,273326,0.8,218596,0.6,66561,0.2
7/30/22,18-29,"White, non-Latinx",187581,147024,0.8,127484,0.7,67339,0.4,0,0
7/23/22,50-64,Unknown,,15675,,12711,,4605,,0,
8/27/22,50-64,"White, non-Latinx",149921,118467,0.8,112802,0.8,82615,0.6,0,0
7/31/21,50-64,"Asian, non-Latinx",27117,21962,0.8,20937,0.8,0,0,0,0
11/12/22,50-64,"Other, non-Latinx",3063,14240,1,11864,1,5460,1,1658,0.5
4/22/23,18-29,All,526788,451095,0.9,375775,0.7,161648,0.3,75234,0.1
1/28/23,30-49,"Asian, non-Latinx",64910,55736,0.9,50083,0.8,35301,0.5,18020,0.3
2/4/23,18-29,"Asian, non-Latinx",41068,44092,1,35960,0.9,20839,0.5,9262,0.2
5/14/22,65+,"Other, non-Latinx",3206,7972,1,6830,1,4168,1,0,0
3/20/21,30-49,All,809519,199602,0.2,105886,0.1,0,0,0,0
11/12/22,65+,"Black, non-Latinx",125967,94572,0.8,88199,0.7,70366,0.6,30711,0.2
1/23/21,18-29,"Other, non-Latinx",11506,984,0.1,363,0,0,0,0,0
11/13/21,65+,Unknown,,9847,,8209,,1221,,0,
12/11/21,65+,Latinx,71039,53967,0.8,50942,0.7,27073,0.4,0,0
8/26/23,0-4,All,162797,34200,0.2,18072,0.1,84,0,12809,0.1
10/1/22,65+,"White, non-Latinx",135462,102509,0.8,97390,0.7,80698,0.6,24774,0.2
8/19/23,0-4,"Asian, non-Latinx",9998,3002,0.3,1557,0.2,6,0,1220,0.1
11/6/21,Unknown,Latinx,,3,,,,,,,
11/6/21,Unknown,All,,36,,,,,,,
2/13/21,11-May,All,210448,0,0,0,0,0,0,0,0
4/15/23,0-4,Latinx,54903,8249,0.2,3220,0.1,29,0,1189,0
6/17/23,30-49,All,809519,701322,0.9,625691,0.8,347285,0.4,191723,0.2
6/4/22,18-29,"Asian, non-Latinx",41068,42201,1,35740,0.9,20283,0.5,0,0
6/12/21,11-May,"White, non-Latinx",43777,0,0,0,0,0,0,0,0
11/13/21,0-4,Latinx,54903,0,0,0,0,0,0,0,0
11/13/21,0-4,"Black, non-Latinx",47946,0,0,0,0,0,0,0,0
11/13/21,0-4,"White, non-Latinx",42995,0,0,0,0,0,0,0,0
11/13/21,0-4,"Asian, non-Latinx",9998,0,0,0,0,0,0,0,0
11/13/21,0-4,"Other, non-Latinx",6925,0,0,0,0,0,0,0,0
11/13/21,0-4,Unknown,,0,,0,,0,,0,
11/13/21,0-4,All,162797,0,0,0,0,0,0,0,0
10/23/21,30-49,"Asian, non-Latinx",64910,49772,0.8,47430,0.7,4076,0.1,0,0
2/11/23,30-49,Latinx,226340,202504,0.9,181544,0.8,90491,0.4,33539,0.1
6/10/23,18-29,"Other, non-Latinx",11506,23165,1,17483,1,5047,0.4,2425,0.2
10/16/21,50-64,"Asian, non-Latinx",27117,22821,0.8,21836,0.8,1379,0.1,0,0
4/17/21,65+,Latinx,71039,44185,0.6,37121,0.5,0,0,0,0
11/5/22,18-29,Latinx,147161,131509,0.9,115488,0.8,45799,0.3,7154,0
9/25/21,50-64,"Black, non-Latinx",145449,105185,0.7,96587,0.7,1060,0,0,0
3/11/23,50-64,"White, non-Latinx",149921,119893,0.8,112917,0.8,82702,0.6,54508,0.4
7/23/22,18-29,"Asian, non-Latinx",41068,42353,1,35808,0.9,20630,0.5,0,0
1/2/21,18-29,"Asian, non-Latinx",41068,1471,0,0,0,0,0,0,0
11/12/22,18-29,"Other, non-Latinx",11506,22651,1,17399,1,5041,0.4,1274,0.1
12/10/22,18-29,"Asian, non-Latinx",41068,43770,1,35944,0.9,20839,0.5,7577,0.2
12/31/22,18-29,"Black, non-Latinx",139472,75636,0.5,62725,0.4,18426,0.1,5768,0
11/26/22,65+,All,362629,296026,0.8,273471,0.8,218745,0.6,118803,0.3
1/14/23,18-29,"White, non-Latinx",187581,151757,0.8,127817,0.7,67832,0.4,33725,0.2
9/16/23,30-49,Latinx,226340,204291,0.9,181671,0.8,90510,0.4,39888,0.2
2/26/22,50-64,"Black, non-Latinx",145449,117012,0.8,108919,0.7,59251,0.4,0,0
4/9/22,65+,Latinx,71039,55780,0.8,52203,0.7,39797,0.6,0,0
12/17/22,50-64,"Other, non-Latinx",3063,14315,1,11868,1,5461,1,2246,0.7
3/20/21,18-29,Latinx,147161,25612,0.2,11468,0.1,0,0,0,0
11/6/21,18-29,"Black, non-Latinx",139472,54204,0.4,45480,0.3,1229,0,0,0
2/13/21,65+,"Black, non-Latinx",125967,27346,0.2,5812,0,0,0,0,0
11/26/22,65+,"Black, non-Latinx",125967,94845,0.8,88216,0.7,70389,0.6,35070,0.3
3/5/22,50-64,"Black, non-Latinx",145449,117149,0.8,109198,0.8,59998,0.4,0,0
9/17/22,65+,"White, non-Latinx",135462,102197,0.8,97381,0.7,80689,0.6,11384,0.1
4/3/21,65+,All,362629,214585,0.6,159373,0.4,0,0,0,0
7/29/23,18-29,All,526788,452942,0.9,375805,0.7,161675,0.3,79965,0.2
7/16/22,50-64,"Other, non-Latinx",3063,13965,1,11816,1,5353,1,0,0
11/20/21,0-4,Latinx,54903,0,0,0,0,0,0,0,0
11/20/21,0-4,"Black, non-Latinx",47946,0,0,0,0,0,0,0,0
11/20/21,0-4,"White, non-Latinx",42995,0,0,0,0,0,0,0,0
11/20/21,0-4,"Asian, non-Latinx",9998,0,0,0,0,0,0,0,0
11/20/21,0-4,"Other, non-Latinx",6925,0,0,0,0,0,0,0,0
11/20/21,0-4,Unknown,,0,,0,,0,,0,
11/20/21,0-4,All,162797,0,0,0,0,0,0,0,0
6/19/21,50-64,All,439599,325125,0.7,300481,0.7,0,0,0,0
7/15/23,30-49,"White, non-Latinx",310259,242538,0.8,222271,0.7,155097,0.5,101660,0.3
7/2/22,65+,All,362629,289702,0.8,272051,0.8,214479,0.6,0,0
2/20/21,50-64,"White, non-Latinx",149921,22452,0.2,10225,0.1,0,0,0,0
4/22/23,50-64,All,439599,406303,0.9,372631,0.8,246889,0.6,138771,0.3
8/26/23,0-4,"Other, non-Latinx",6925,1540,0.2,669,0.1,0,0,580,0.1
2/25/23,18-29,"Asian, non-Latinx",41068,44141,1,35964,0.9,20841,0.5,9505,0.2
5/14/22,65+,Unknown,,10882,,8758,,3878,,0,
8/5/23,18-29,All,526788,453044,0.9,375806,0.7,161676,0.3,80218,0.2
11/27/21,18-29,"Asian, non-Latinx",41068,37057,0.9,33884,0.8,5262,0.1,0,0
4/23/22,30-49,"White, non-Latinx",310259,236832,0.8,220995,0.7,151283,0.5,0,0
7/10/21,30-49,"Asian, non-Latinx",64910,46672,0.7,44108,0.7,0,0,0,0
1/9/21,50-64,"Other, non-Latinx",3063,409,0.1,61,0,0,0,0,0
4/1/23,50-64,Unknown,,16628,,12792,,4706,,2177,
10/1/22,65+,"Other, non-Latinx",3206,8197,1,6948,1,4441,1,777,0.2
5/7/22,65+,"White, non-Latinx",135462,101417,0.7,96366,0.7,78600,0.6,0,0
1/14/23,65+,"Asian, non-Latinx",26955,20504,0.8,18981,0.7,15994,0.6,9293,0.3
8/28/21,18-29,"White, non-Latinx",187581,124900,0.7,115775,0.6,275,0,0,0
1/28/23,50-64,"White, non-Latinx",149921,119819,0.8,112904,0.8,82701,0.6,53115,0.4
1/23/21,50-64,"Other, non-Latinx",3063,661,0.2,171,0.1,0,0,0,0
5/28/22,30-49,"White, non-Latinx",310259,237163,0.8,221317,0.7,152842,0.5,0,0
9/16/23,65+,"Black, non-Latinx",125967,96055,0.8,88328,0.7,70497,0.6,53019,0.4
4/16/22,30-49,Latinx,226340,197350,0.9,180048,0.8,85567,0.4,0,0
9/4/21,50-64,"Black, non-Latinx",145449,102438,0.7,93642,0.6,516,0,0,0
8/21/21,30-49,Unknown,,23549,,20733,,7,,0,
6/12/21,18-29,All,526788,290200,0.6,254706,0.5,0,0,0,0
10/15/22,0-4,"Asian, non-Latinx",9998,1981,0.2,920,0.1,3,0,0,0
11/27/21,0-4,Latinx,54903,0,0,0,0,0,0,0,0
11/27/21,0-4,"Black, non-Latinx",47946,0,0,0,0,0,0,0,0
11/27/21,0-4,"White, non-Latinx",42995,0,0,0,0,0,0,0,0
11/27/21,0-4,"Asian, non-Latinx",9998,0,0,0,0,0,0,0,0
11/27/21,0-4,"Other, non-Latinx",6925,0,0,0,0,0,0,0,0
11/27/21,0-4,Unknown,,0,,0,,0,,0,
11/27/21,0-4,All,162797,0,0,0,0,0,0,0,0
4/10/21,50-64,All,439599,232352,0.5,134432,0.3,0,0,0,0
6/5/21,18-29,All,526788,285230,0.5,245002,0.5,0,0,0,0
11/19/22,30-49,Latinx,226340,201146,0.9,181352,0.8,90452,0.4,21846,0.1
10/9/21,50-64,"Other, non-Latinx",3063,11684,1,10275,1,266,0.1,0,0
9/3/22,50-64,"Other, non-Latinx",3063,14047,1,11846,1,5450,1,3,0
3/26/22,50-64,All,439599,394135,0.9,366267,0.8,228384,0.5,0,0
9/9/23,0-4,"Asian, non-Latinx",9998,3028,0.3,1557,0.2,6,0,1264,0.1
7/31/21,50-64,"Black, non-Latinx",145449,96902,0.7,88642,0.6,0,0,0,0
2/20/21,50-64,All,439599,60718,0.1,24336,0.1,0,0,0,0
6/10/23,65+,All,362629,298671,0.8,273689,0.8,218875,0.6,161037,0.4
9/17/22,65+,"Asian, non-Latinx",26955,20221,0.8,18960,0.7,15983,0.6,871,0
12/11/21,30-49,"White, non-Latinx",310259,228280,0.7,215475,0.7,96419,0.3,0,0
7/31/21,65+,"White, non-Latinx",135462,93572,0.7,90156,0.7,0,0,0,0
6/24/23,65+,All,362629,298731,0.8,273691,0.8,218878,0.6,161575,0.4
11/6/21,50-64,"Other, non-Latinx",3063,12169,1,10705,1,881,0.3,0,0
5/22/21,65+,Unknown,,8432,,6840,,0,,0,
7/17/21,65+,"Other, non-Latinx",3206,6226,1,5638,1,0,0,0,0
2/4/23,30-49,"Asian, non-Latinx",64910,55757,0.9,50085,0.8,35301,0.5,18173,0.3
4/29/23,0-4,All,162797,31704,0.2,18054,0.1,80,0,6613,0
9/17/22,0-4,Latinx,54903,4207,0.1,941,0,4,0,0,0
1/7/23,0-4,All,162797,27856,0.2,16394,0.1,49,0,1030,0
8/6/22,50-64,"White, non-Latinx",149921,118371,0.8,112717,0.8,82401,0.6,0,0
8/12/23,50-64,Unknown,,16743,,12793,,4707,,2358,
8/12/23,18-29,"White, non-Latinx",187581,152473,0.8,127895,0.7,67845,0.4,37097,0.2
4/29/23,50-64,Unknown,,16658,,12793,,4707,,2237,
12/4/21,0-4,Latinx,54903,0,0,0,0,0,0,0,0
12/4/21,0-4,"Black, non-Latinx",47946,0,0,0,0,0,0,0,0
12/4/21,0-4,"White, non-Latinx",42995,0,0,0,0,0,0,0,0
12/4/21,0-4,"Asian, non-Latinx",9998,0,0,0,0,0,0,0,0
12/4/21,0-4,"Other, non-Latinx",6925,0,0,0,0,0,0,0,0
12/4/21,0-4,Unknown,,0,,0,,0,,0,
12/4/21,0-4,All,162797,0,0,0,0,0,0,0,0
1/1/22,18-29,"Other, non-Latinx",11506,19547,1,15745,1,2804,0.2,0,0
5/13/23,18-29,"Other, non-Latinx",11506,23132,1,17482,1,5047,0.4,2376,0.2
12/18/21,18-29,"Other, non-Latinx",11506,19029,1,15593,1,2137,0.2,0,0
2/12/22,65+,Unknown,,10678,,8619,,3535,,0,
3/18/23,65+,"Asian, non-Latinx",26955,20534,0.8,18983,0.7,15994,0.6,10072,0.4
12/4/21,18-29,"Black, non-Latinx",139472,56926,0.4,47871,0.3,3242,0,0,0
9/18/21,30-49,Latinx,226340,170123,0.8,156707,0.7,747,0,0,0
7/8/23,65+,Latinx,71039,57897,0.8,53089,0.7,43056,0.6,27929,0.4
5/20/23,30-49,"Black, non-Latinx",197825,133566,0.7,119960,0.6,48788,0.2,22458,0.1
8/27/22,0-4,"White, non-Latinx",42995,8813,0.2,3410,0.1,4,0,0,0
1/21/23,0-4,"Other, non-Latinx",6925,1168,0.2,582,0.1,0,0,53,0
6/11/22,65+,"Other, non-Latinx",3206,8015,1,6875,1,4262,1,0,0
1/1/22,30-49,All,809519,641104,0.8,586385,0.7,239391,0.3,0,0
5/20/23,65+,Latinx,71039,57843,0.8,53088,0.7,43054,0.6,27357,0.4
2/26/22,50-64,Latinx,114048,105124,0.9,98306,0.9,60559,0.5,0,0
7/10/21,30-49,"Black, non-Latinx",197825,79355,0.4,70665,0.4,0,0,0,0
9/4/21,30-49,"White, non-Latinx",310259,215378,0.7,205436,0.7,1701,0,0,0
3/26/22,30-49,"White, non-Latinx",310259,236572,0.8,220675,0.7,150038,0.5,0,0
3/19/22,50-64,Latinx,114048,105374,0.9,98652,0.9,62133,0.5,0,0
1/14/23,30-49,"Asian, non-Latinx",64910,55696,0.9,50080,0.8,35300,0.5,17657,0.3
1/22/22,30-49,"White, non-Latinx",310259,234491,0.8,218267,0.7,140616,0.5,0,0
12/24/22,50-64,"Asian, non-Latinx",27117,25657,0.9,23191,0.9,17232,0.6,7198,0.3
6/26/21,30-49,"Black, non-Latinx",197825,77084,0.4,67719,0.3,0,0,0,0
9/4/21,65+,Latinx,71039,51346,0.7,48699,0.7,365,0,0,0
6/17/23,18-29,Latinx,147161,133806,0.9,115926,0.8,45857,0.3,17610,0.1
10/29/22,65+,"Asian, non-Latinx",26955,20366,0.8,18967,0.7,15993,0.6,5603,0.2
9/18/21,50-64,"Asian, non-Latinx",27117,22591,0.8,21616,0.8,230,0,0,0
7/10/21,18-29,Latinx,147161,89004,0.6,80099,0.5,0,0,0,0
12/11/21,0-4,Latinx,54903,0,0,0,0,0,0,0,0
12/11/21,0-4,"Black, non-Latinx",47946,0,0,0,0,0,0,0,0
12/11/21,0-4,"White, non-Latinx",42995,0,0,0,0,0,0,0,0
12/11/21,0-4,"Asian, non-Latinx",9998,0,0,0,0,0,0,0,0
12/11/21,0-4,"Other, non-Latinx",6925,0,0,0,0,0,0,0,0
12/11/21,0-4,Unknown,,0,,0,,0,,0,
12/11/21,0-4,All,162797,0,0,0,0,0,0,0,0
8/20/22,30-49,Unknown,,31486,,25418,,7753,,0,
2/27/21,18-29,"Asian, non-Latinx",41068,5413,0.1,3787,0.1,0,0,0,0
7/17/21,18-29,Latinx,147161,90336,0.6,81620,0.6,0,0,0,0
2/11/23,30-49,Unknown,,33435,,25593,,7811,,4227,
12/3/22,0-4,"White, non-Latinx",42995,11546,0.3,8414,0.2,13,0,0,0
2/4/23,0-4,"White, non-Latinx",42995,12384,0.3,9138,0.2,21,0,1443,0
8/13/22,50-64,Unknown,,15736,,12726,,4655,,0,
9/25/21,30-49,"White, non-Latinx",310259,217519,0.7,207987,0.7,2860,0,0,0
9/25/21,30-49,"Black, non-Latinx",197825,99441,0.5,86469,0.4,599,0,0,0
7/17/21,18-29,"Other, non-Latinx",11506,13297,1,11540,1,0,0,0,0
6/18/22,50-64,"Black, non-Latinx",145449,118479,0.8,110804,0.8,66344,0.5,0,0
6/12/21,50-64,Latinx,114048,88244,0.8,81228,0.7,0,0,0,0
4/9/22,18-29,Latinx,147161,128607,0.9,114119,0.8,41553,0.3,0,0
8/12/23,50-64,"Black, non-Latinx",145449,121294,0.8,112014,0.8,69270,0.5,38641,0.3
12/17/22,18-29,"Other, non-Latinx",11506,22867,1,17424,1,5044,0.4,1804,0.2
10/16/21,18-29,"Asian, non-Latinx",41068,35808,0.9,33175,0.8,1279,0,0,0
2/12/22,30-49,All,809519,669919,0.8,606640,0.7,310274,0.4,0,0
5/14/22,50-64,"Asian, non-Latinx",27117,24918,0.9,22925,0.8,16670,0.6,0,0
6/17/23,18-29,"Black, non-Latinx",139472,77104,0.6,63422,0.5,18452,0.1,8703,0.1
6/25/22,0-4,Unknown,,175,,0,,0,,0,
9/4/21,50-64,"White, non-Latinx",149921,108615,0.7,103736,0.7,1536,0,0,0
12/24/22,50-64,"Black, non-Latinx",145449,120493,0.8,111769,0.8,69194,0.5,29547,0.2
4/1/23,0-4,"White, non-Latinx",42995,12867,0.3,9468,0.2,28,0,2650,0.1
12/11/21,65+,Unknown,,10153,,8371,,2384,,0,
5/27/23,0-4,"Asian, non-Latinx",9998,2841,0.3,1557,0.2,6,0,856,0.1
6/10/23,30-49,"White, non-Latinx",310259,242472,0.8,222270,0.7,155097,0.5,101315,0.3
2/12/22,50-64,"Other, non-Latinx",3063,13627,1,11532,1,4639,1,0,0
9/25/21,30-49,"Asian, non-Latinx",64910,49188,0.8,46873,0.7,596,0,0,0
1/8/22,50-64,Unknown,,14465,,12013,,3182,,0,
2/4/23,65+,"Other, non-Latinx",3206,8420,1,6960,1,4457,1,2855,0.9
3/13/21,18-29,"White, non-Latinx",187581,31298,0.2,20626,0.1,0,0,0,0
3/11/23,30-49,"White, non-Latinx",310259,242202,0.8,222235,0.7,155093,0.5,99165,0.3
7/31/21,30-49,"Asian, non-Latinx",64910,47443,0.7,45012,0.7,0,0,0,0
8/26/23,30-49,Unknown,,33794,,25615,,7813,,4714,
11/6/21,18-29,"Other, non-Latinx",11506,17830,1,14933,1,597,0.1,0,0
12/25/21,65+,All,362629,281699,0.8,263596,0.7,170647,0.5,0,0
12/18/21,0-4,Latinx,54903,0,0,0,0,0,0,0,0
12/18/21,0-4,"Black, non-Latinx",47946,0,0,0,0,0,0,0,0
12/18/21,0-4,"White, non-Latinx",42995,0,0,0,0,0,0,0,0
12/18/21,0-4,"Asian, non-Latinx",9998,0,0,0,0,0,0,0,0
12/18/21,0-4,"Other, non-Latinx",6925,0,0,0,0,0,0,0,0
12/18/21,0-4,Unknown,,0,,0,,0,,0,
12/18/21,0-4,All,162797,0,0,0,0,0,0,0,0
8/12/23,30-49,Latinx,226340,204085,0.9,181668,0.8,90506,0.4,39432,0.2
4/1/23,50-64,All,439599,406106,0.9,372587,0.8,246879,0.6,137105,0.3
9/2/23,65+,"Other, non-Latinx",3206,8472,1,6963,1,4461,1,3167,1
7/3/21,65+,"Black, non-Latinx",125967,81511,0.6,75968,0.6,0,0,0,0
7/3/21,50-64,All,439599,330438,0.8,308042,0.7,0,0,0,0
8/13/22,50-64,"Other, non-Latinx",3063,14013,1,11834,1,5422,1,0,0
4/22/23,50-64,"Asian, non-Latinx",27117,25803,1,23214,0.9,17232,0.6,8744,0.3
9/18/21,18-29,"Other, non-Latinx",11506,16229,1,13545,1,40,0,0,0
1/7/23,65+,Unknown,,11780,,8867,,4147,,1840,
12/26/20,50-64,"Black, non-Latinx",145449,723,0,0,0,0,0,0,0
1/16/21,18-29,"White, non-Latinx",187581,9556,0.1,3527,0,0,0,0,0
10/1/22,50-64,"White, non-Latinx",149921,118835,0.8,112839,0.8,82666,0.6,16427,0.1
9/24/22,30-49,"Black, non-Latinx",197825,130859,0.7,118506,0.6,48646,0.2,2777,0
10/8/22,50-64,All,439599,400946,0.9,371835,0.8,246616,0.6,40590,0.1
3/25/23,18-29,"Asian, non-Latinx",41068,44185,1,35972,0.9,20843,0.5,9723,0.2
11/20/21,65+,"White, non-Latinx",135462,98934,0.7,93704,0.7,53539,0.4,0,0
3/25/23,50-64,All,439599,406035,0.9,372569,0.8,246876,0.6,136434,0.3
5/7/22,50-64,"Asian, non-Latinx",27117,24890,0.9,22911,0.8,16625,0.6,0,0
7/31/21,30-49,Latinx,226340,157581,0.7,145389,0.6,0,0,0,0
1/8/22,18-29,"Black, non-Latinx",139472,62033,0.4,50592,0.4,9149,0.1,0,0
3/5/22,65+,Latinx,71039,55635,0.8,52016,0.7,38813,0.5,0,0
11/27/21,30-49,"White, non-Latinx",310259,225556,0.7,214098,0.7,68353,0.2,0,0
1/14/23,30-49,"Other, non-Latinx",10186,31525,1,26029,1,9772,1,4140,0.4
11/12/22,65+,"Asian, non-Latinx",26955,20412,0.8,18971,0.7,15994,0.6,6739,0.2
12/25/21,0-4,Latinx,54903,0,0,0,0,0,0,0,0
12/25/21,0-4,"Black, non-Latinx",47946,0,0,0,0,0,0,0,0
12/25/21,0-4,"White, non-Latinx",42995,0,0,0,0,0,0,0,0
12/25/21,0-4,"Asian, non-Latinx",9998,0,0,0,0,0,0,0,0
12/25/21,0-4,"Other, non-Latinx",6925,0,0,0,0,0,0,0,0
12/25/21,0-4,Unknown,,0,,0,,0,,0,
12/25/21,0-4,All,162797,0,0,0,0,0,0,0,0
3/19/22,30-49,"White, non-Latinx",310259,236505,0.8,220586,0.7,149674,0.5,0,0
10/15/22,18-29,"White, non-Latinx",187581,149006,0.8,127727,0.7,67807,0.4,14311,0.1
5/28/22,65+,Latinx,71039,56102,0.8,52525,0.7,41232,0.6,0,0
5/21/22,50-64,"Other, non-Latinx",3063,13865,1,11761,1,5170,1,0,0
10/2/21,18-29,"Asian, non-Latinx",41068,35500,0.9,32883,0.8,494,0,0,0
6/5/21,50-64,All,439599,317990,0.7,287334,0.7,0,0,0,0
3/5/22,18-29,"Asian, non-Latinx",41068,41631,1,35448,0.9,19010,0.5,0,0
7/9/22,65+,"Black, non-Latinx",125967,92502,0.7,87744,0.7,68685,0.5,0,0
4/16/22,30-49,All,809519,677767,0.8,617638,0.8,330582,0.4,0,0
11/5/22,65+,Latinx,71039,57223,0.8,53028,0.7,43030,0.6,13883,0.2
3/19/22,65+,Unknown,,10750,,8692,,3704,,0,
4/17/21,18-29,Unknown,,9021,,4506,,0,,0,
3/4/23,65+,"Black, non-Latinx",125967,95707,0.8,88300,0.7,70456,0.6,48902,0.4
3/11/23,65+,Latinx,71039,57709,0.8,53078,0.7,43049,0.6,25607,0.4
4/1/23,0-4,"Other, non-Latinx",6925,1330,0.2,663,0.1,0,0,178,0
7/1/23,65+,"Other, non-Latinx",3206,8453,1,6963,1,4460,1,3121,1
12/10/22,0-4,All,162797,26516,0.2,15566,0.1,35,0,1,0
7/22/23,65+,Unknown,,11919,,8875,,4150,,2302,
6/11/22,50-64,Latinx,114048,106131,0.9,99238,0.9,65530,0.6,0,0
1/16/21,18-29,"Asian, non-Latinx",41068,2752,0.1,966,0,0,0,0,0
9/9/23,30-49,Latinx,226340,204275,0.9,181671,0.8,90507,0.4,39852,0.2
4/3/21,50-64,All,439599,205230,0.5,101572,0.2,0,0,0,0
5/14/22,18-29,Latinx,147161,129166,0.9,114476,0.8,42718,0.3,0,0
1/2/21,30-49,"Black, non-Latinx",197825,1783,0,0,0,0,0,0,0
6/3/23,18-29,Latinx,147161,133711,0.9,115925,0.8,45855,0.3,17378,0.1
1/1/22,65+,All,362629,282438,0.8,264000,0.7,175913,0.5,0,0
12/17/22,0-4,"Asian, non-Latinx",9998,2392,0.2,1384,0.1,4,0,27,0
2/12/22,30-49,"Black, non-Latinx",197825,125431,0.6,111443,0.6,38087,0.2,0,0
9/10/22,50-64,"Black, non-Latinx",145449,119068,0.8,111438,0.8,69035,0.5,769,0
4/22/23,30-49,"Black, non-Latinx",197825,133374,0.7,119955,0.6,48786,0.2,21745,0.1
1/1/22,0-4,Latinx,54903,0,0,0,0,0,0,0,0
1/1/22,0-4,"Black, non-Latinx",47946,0,0,0,0,0,0,0,0
1/1/22,0-4,"White, non-Latinx",42995,0,0,0,0,0,0,0,0
1/1/22,0-4,"Asian, non-Latinx",9998,0,0,0,0,0,0,0,0
1/1/22,0-4,"Other, non-Latinx",6925,0,0,0,0,0,0,0,0
1/1/22,0-4,Unknown,,0,,0,,0,,0,
1/1/22,0-4,All,162797,0,0,0,0,0,0,0,0
2/13/21,30-49,"Asian, non-Latinx",64910,8689,0.1,5288,0.1,0,0,0,0
2/5/22,18-29,"White, non-Latinx",187581,144404,0.8,125388,0.7,60277,0.3,0,0
8/27/22,50-64,"Other, non-Latinx",3063,14041,1,11842,1,5444,1,0,0
11/5/22,65+,Unknown,,11567,,8861,,4147,,1221,
3/18/23,50-64,"Asian, non-Latinx",27117,25777,1,23213,0.9,17232,0.6,8564,0.3
4/1/23,30-49,"Black, non-Latinx",197825,133215,0.7,119864,0.6,48782,0.2,21282,0.1
8/7/21,65+,"Asian, non-Latinx",26955,18222,0.7,17335,0.6,0,0,0,0
5/15/21,18-29,"Black, non-Latinx",139472,26961,0.2,19028,0.1,0,0,0,0
2/25/23,50-64,"Black, non-Latinx",145449,120850,0.8,111918,0.8,69233,0.5,34802,0.2
3/13/21,18-29,"Asian, non-Latinx",41068,6740,0.2,4772,0.1,0,0,0,0
8/27/22,30-49,"White, non-Latinx",310259,237756,0.8,221877,0.7,154953,0.5,0,0
7/16/22,65+,Unknown,,11067,,8818,,4035,,0,
12/3/22,17-Dec,Latinx,76627,69729,0.9,62882,0.8,20497,0.3,5978,0.1
11/20/21,30-49,All,809519,616770,0.8,572495,0.7,103042,0.1,0,0
3/20/21,50-64,Unknown,,4553,,2260,,0,,0,
7/9/22,50-64,"White, non-Latinx",149921,118203,0.8,112468,0.8,81828,0.5,0,0
8/7/21,50-64,All,439599,342812,0.8,320033,0.7,0,0,0,0
10/29/22,50-64,"White, non-Latinx",149921,119282,0.8,112859,0.8,82679,0.6,34104,0.2
4/10/21,11-May,All,210448,0,0,0,0,0,0,0,0
4/3/21,50-64,"White, non-Latinx",149921,70873,0.5,34684,0.2,0,0,0,0
11/12/22,30-49,"Other, non-Latinx",10186,31262,1,25984,1,9765,1,2880,0.3
12/18/21,50-64,"Other, non-Latinx",3063,12776,1,11066,1,2859,0.9,0,0
10/29/22,65+,All,362629,294689,0.8,273380,0.8,218680,0.6,90707,0.2
7/15/23,18-29,"Other, non-Latinx",11506,23188,1,17483,1,5047,0.4,2478,0.2
6/10/23,0-4,Latinx,54903,8663,0.2,3247,0.1,30,0,2145,0
6/4/22,18-29,Latinx,147161,129412,0.9,114642,0.8,43324,0.3,0,0
7/22/23,0-4,Latinx,54903,9008,0.2,3250,0.1,30,0,2860,0.1
9/11/21,50-64,"Asian, non-Latinx",27117,22541,0.8,21537,0.8,194,0,0,0
1/15/22,18-29,"Other, non-Latinx",11506,20538,1,16027,1,3433,0.3,0,0
6/17/23,30-49,"Black, non-Latinx",197825,133742,0.7,119966,0.6,48790,0.2,22979,0.1
7/2/22,30-49,"Black, non-Latinx",197825,129518,0.7,117447,0.6,46633,0.2,0,0
9/11/21,65+,"Other, non-Latinx",3206,6689,1,6002,1,94,0,0,0
4/22/23,18-29,Unknown,,21448,,15096,,3620,,2603,
8/19/23,65+,"Asian, non-Latinx",26955,20635,0.8,18983,0.7,15994,0.6,10739,0.4
1/8/22,0-4,Latinx,54903,0,0,0,0,0,0,0,0
1/8/22,0-4,"Black, non-Latinx",47946,0,0,0,0,0,0,0,0
1/8/22,0-4,"White, non-Latinx",42995,0,0,0,0,0,0,0,0
1/8/22,0-4,"Asian, non-Latinx",9998,0,0,0,0,0,0,0,0
1/8/22,0-4,"Other, non-Latinx",6925,0,0,0,0,0,0,0,0
1/8/22,0-4,Unknown,,0,,0,,0,,0,
1/8/22,0-4,All,162797,0,0,0,0,0,0,0,0
1/23/21,50-64,"White, non-Latinx",149921,9263,0.1,3080,0,0,0,0,0
12/24/22,30-49,"Asian, non-Latinx",64910,55587,0.9,50073,0.8,35298,0.5,16557,0.3
9/9/23,65+,"White, non-Latinx",135462,103955,0.8,97458,0.7,80738,0.6,65822,0.5
2/19/22,18-29,"White, non-Latinx",187581,145102,0.8,126125,0.7,62149,0.3,0,0
7/17/21,50-64,"Other, non-Latinx",3063,9704,1,8660,1,0,0,0,0
10/1/22,18-29,"White, non-Latinx",187581,148285,0.8,127698,0.7,67796,0.4,8840,0
2/5/22,18-29,Latinx,147161,125409,0.9,108846,0.7,34996,0.2,0,0
10/2/21,30-49,"Other, non-Latinx",10186,24771,1,21451,1,370,0,0,0
1/7/23,30-49,"Black, non-Latinx",197825,132479,0.7,119369,0.6,48761,0.2,17893,0.1
3/18/23,18-29,Latinx,147161,133176,0.9,115859,0.8,45850,0.3,15729,0.1
2/5/22,50-64,All,439599,390806,0.9,361745,0.8,212777,0.5,0,0
3/27/21,18-29,"Asian, non-Latinx",41068,10919,0.3,5611,0.1,0,0,0,0
8/5/23,18-29,"White, non-Latinx",187581,152466,0.8,127895,0.7,67845,0.4,37057,0.2
10/15/22,65+,"White, non-Latinx",135462,102809,0.8,97401,0.7,80710,0.6,35799,0.3
3/19/22,65+,"Other, non-Latinx",3206,7883,1,6730,1,3976,1,0,0
12/3/22,18-29,"Other, non-Latinx",11506,22795,1,17419,1,5044,0.4,1600,0.1
10/16/21,50-64,Unknown,,12808,,11261,,314,,0,
5/15/21,50-64,Latinx,114048,82368,0.7,69632,0.6,0,0,0,0
8/26/23,65+,All,362629,298983,0.8,273692,0.8,218894,0.6,163204,0.4
6/19/21,30-49,"Asian, non-Latinx",64910,45714,0.7,42744,0.7,0,0,0,0
4/10/21,18-29,Latinx,147161,46493,0.3,23571,0.2,0,0,0,0
4/15/23,17-Dec,Unknown,,3447,,2541,,745,,448,
9/17/22,30-49,Unknown,,31686,,25452,,7783,,394,
7/8/23,18-29,"Asian, non-Latinx",41068,44280,1,35975,0.9,20843,0.5,10156,0.2
4/8/23,30-49,"White, non-Latinx",310259,242301,0.8,222256,0.7,155096,0.5,100079,0.3
1/15/22,0-4,Latinx,54903,0,0,0,0,0,0,0,0
1/15/22,0-4,"Black, non-Latinx",47946,0,0,0,0,0,0,0,0
1/15/22,0-4,"White, non-Latinx",42995,0,0,0,0,0,0,0,0
1/15/22,0-4,"Asian, non-Latinx",9998,0,0,0,0,0,0,0,0
1/15/22,0-4,"Other, non-Latinx",6925,0,0,0,0,0,0,0,0
1/15/22,0-4,Unknown,,0,,0,,0,,0,
1/15/22,0-4,All,162797,0,0,0,0,0,0,0,0
3/11/23,18-29,All,526788,450144,0.9,375415,0.7,161633,0.3,72587,0.1
7/22/23,0-4,"Other, non-Latinx",6925,1488,0.2,669,0.1,0,0,490,0.1
2/19/22,30-49,"White, non-Latinx",310259,235848,0.8,219964,0.7,147388,0.5,0,0
3/12/22,18-29,"Black, non-Latinx",139472,70274,0.5,58232,0.4,14610,0.1,0,0
4/2/22,30-49,"Other, non-Latinx",10186,30345,1,25677,1,9125,0.9,0,0
8/19/23,18-29,Latinx,147161,134233,0.9,115929,0.8,45864,0.3,18565,0.1
6/3/23,0-4,"Asian, non-Latinx",9998,2858,0.3,1557,0.2,6,0,899,0.1
1/9/21,30-49,"Black, non-Latinx",197825,3040,0,409,0,0,0,0,0
5/7/22,30-49,All,809519,678907,0.8,618665,0.8,333979,0.4,0,0
1/9/21,18-29,"Other, non-Latinx",11506,636,0.1,132,0,0,0,0,0
9/9/23,18-29,All,526788,453515,0.9,375808,0.7,161688,0.3,81316,0.2
7/30/22,0-4,"White, non-Latinx",42995,6938,0.2,1214,0,0,0,0,0
3/4/23,18-29,"White, non-Latinx",187581,152072,0.8,127850,0.7,67838,0.4,35347,0.2
9/18/21,50-64,"White, non-Latinx",149921,109415,0.7,104541,0.7,2148,0,0,0
2/27/21,50-64,"Black, non-Latinx",145449,19473,0.1,8958,0.1,0,0,0,0
7/10/21,50-64,"Black, non-Latinx",145449,93826,0.6,85769,0.6,0,0,0,0
7/31/21,50-64,Latinx,114048,92857,0.8,87646,0.8,0,0,0,0
9/3/22,30-49,All,809519,684326,0.8,622697,0.8,346802,0.4,171,0
7/10/21,18-29,"White, non-Latinx",187581,119893,0.6,111319,0.6,0,0,0,0
3/18/23,30-49,Latinx,226340,202916,0.9,181609,0.8,90494,0.4,35647,0.2
10/15/22,65+,Unknown,,11424,,8857,,4145,,742,
8/7/21,30-49,All,809519,549357,0.7,508411,0.6,0,0,0,0
4/17/21,30-49,"White, non-Latinx",310259,172813,0.6,104894,0.3,0,0,0,0
5/27/23,30-49,All,809519,700948,0.9,625685,0.8,347284,0.4,190537,0.2
12/19/20,50-64,"Black, non-Latinx",145449,277,0,0,0,0,0,0,0
12/31/22,0-4,"White, non-Latinx",42995,11957,0.3,8839,0.2,17,0,351,0
9/11/21,30-49,Latinx,226340,168721,0.7,155121,0.7,633,0,0,0
3/20/21,65+,"Other, non-Latinx",3206,3969,1,2420,0.8,0,0,0,0
6/26/21,30-49,Unknown,,22037,,19336,,0,,0,
7/15/23,0-4,All,162797,33289,0.2,18068,0.1,83,0,11124,0.1
1/22/22,0-4,Latinx,54903,0,0,0,0,0,0,0,0
1/22/22,0-4,"Black, non-Latinx",47946,0,0,0,0,0,0,0,0
1/22/22,0-4,"White, non-Latinx",42995,0,0,0,0,0,0,0,0
1/22/22,0-4,"Asian, non-Latinx",9998,0,0,0,0,0,0,0,0
1/22/22,0-4,"Other, non-Latinx",6925,0,0,0,0,0,0,0,0
1/22/22,0-4,Unknown,,0,,0,,0,,0,
1/22/22,0-4,All,162797,0,0,0,0,0,0,0,0
6/24/23,50-64,Unknown,,16713,,12793,,4707,,2321,
4/8/23,0-4,"Other, non-Latinx",6925,1340,0.2,667,0.1,0,0,190,0
8/19/23,18-29,"Black, non-Latinx",139472,77446,0.6,63428,0.5,18460,0.1,9484,0.1
6/5/21,18-29,Latinx,147161,80905,0.6,67609,0.5,0,0,0,0
12/3/22,65+,"Other, non-Latinx",3206,8369,1,6957,1,4455,1,2344,0.7
6/26/21,30-49,Latinx,226340,149087,0.7,136384,0.6,0,0,0,0
12/10/22,65+,"Asian, non-Latinx",26955,20456,0.8,18975,0.7,15994,0.6,8042,0.3
1/22/22,50-64,"White, non-Latinx",149921,116733,0.8,109820,0.7,73903,0.5,0,0
1/7/23,30-49,"Other, non-Latinx",10186,31511,1,26024,1,9770,1,4067,0.4
3/19/22,65+,All,362629,286818,0.8,267908,0.7,202460,0.6,0,0
7/23/22,30-49,Unknown,,31369,,25377,,7682,,0,
9/24/22,65+,"Other, non-Latinx",3206,8170,1,6948,1,4439,1,499,0.2
9/25/21,65+,Latinx,71039,51738,0.7,49178,0.7,917,0,0,0
7/15/23,65+,"Black, non-Latinx",125967,95998,0.8,88324,0.7,70486,0.6,52543,0.4
9/17/22,30-49,"Asian, non-Latinx",64910,54707,0.8,50013,0.8,35292,0.5,2299,0
9/3/22,30-49,"Black, non-Latinx",197825,130502,0.7,118319,0.6,48603,0.2,14,0
6/18/22,30-49,"White, non-Latinx",310259,237309,0.8,221481,0.7,153431,0.5,0,0
5/27/23,65+,"Asian, non-Latinx",26955,20591,0.8,18983,0.7,15994,0.6,10538,0.4
5/14/22,65+,"Black, non-Latinx",125967,92155,0.7,87274,0.7,66664,0.5,0,0
7/1/23,18-29,"Asian, non-Latinx",41068,44276,1,35975,0.9,20843,0.5,10143,0.2
7/30/22,50-64,"Asian, non-Latinx",27117,25158,0.9,23109,0.9,17120,0.6,0,0
1/16/21,30-49,"Black, non-Latinx",197825,4216,0,936,0,0,0,0,0
10/8/22,18-29,Unknown,,20054,,15034,,3614,,706,
1/1/22,30-49,Latinx,226340,184220,0.8,169290,0.7,50210,0.2,0,0
3/11/23,0-4,"White, non-Latinx",42995,12719,0.3,9358,0.2,25,0,2254,0.1
2/25/23,0-4,"Asian, non-Latinx",9998,2656,0.3,1497,0.2,5,0,398,0
6/24/23,18-29,"Black, non-Latinx",139472,77123,0.6,63424,0.5,18452,0.1,8760,0.1
1/14/23,18-29,Unknown,,21200,,15078,,3619,,2313,
10/2/21,30-49,All,809519,590723,0.7,547015,0.7,11364,0,0,0
1/29/22,0-4,Latinx,54903,0,0,0,0,0,0,0,0
1/29/22,0-4,"Black, non-Latinx",47946,0,0,0,0,0,0,0,0
1/29/22,0-4,"White, non-Latinx",42995,0,0,0,0,0,0,0,0
1/29/22,0-4,"Asian, non-Latinx",9998,0,0,0,0,0,0,0,0
1/29/22,0-4,"Other, non-Latinx",6925,0,0,0,0,0,0,0,0
1/29/22,0-4,Unknown,,0,,0,,0,,0,
1/29/22,0-4,All,162797,0,0,0,0,0,0,0,0
10/29/22,30-49,Unknown,,32493,,25512,,7795,,2396,
11/19/22,50-64,"White, non-Latinx",149921,119499,0.8,112874,0.8,82691,0.6,42774,0.3
12/17/22,18-29,"Black, non-Latinx",139472,75507,0.5,62652,0.4,18423,0.1,5299,0
3/20/21,30-49,"Asian, non-Latinx",64910,16367,0.3,9895,0.2,0,0,0,0
4/30/22,65+,"Black, non-Latinx",125967,92068,0.7,87120,0.7,65988,0.5,0,0
1/1/22,18-29,"White, non-Latinx",187581,139465,0.7,123456,0.7,47061,0.3,0,0
1/30/21,30-49,All,809519,56475,0.1,22909,0,0,0,0,0
1/23/21,50-64,Latinx,114048,3312,0,774,0,0,0,0,0
3/12/22,65+,All,362629,286672,0.8,267763,0.7,201639,0.6,0,0
4/23/22,30-49,Latinx,226340,197452,0.9,180132,0.8,85877,0.4,0,0
8/7/21,50-64,Unknown,,12050,,10499,,0,,0,
11/20/21,65+,"Asian, non-Latinx",26955,19044,0.7,18117,0.7,8479,0.3,0,0
1/30/21,30-49,"Black, non-Latinx",197825,7137,0,2324,0,0,0,0,0
7/15/23,30-49,"Black, non-Latinx",197825,133873,0.7,119967,0.6,48792,0.2,23388,0.1
9/3/22,18-29,Unknown,,19599,,15005,,3606,,0,
7/24/21,30-49,"Black, non-Latinx",197825,82030,0.4,73014,0.4,0,0,0,0
7/30/22,18-29,"Asian, non-Latinx",41068,42382,1,35822,0.9,20669,0.5,0,0
7/15/23,18-29,Unknown,,21547,,15097,,3621,,2731,
6/18/22,18-29,Unknown,,19381,,14929,,3478,,0,
5/7/22,50-64,Latinx,114048,105814,0.9,99031,0.9,64393,0.6,0,0
6/3/23,65+,"White, non-Latinx",135462,103869,0.8,97457,0.7,80738,0.6,65190,0.5
5/14/22,50-64,All,439599,396049,0.9,368634,0.8,236173,0.5,0,0
2/6/21,18-29,Latinx,147161,7170,0,2596,0,0,0,0,0
5/29/21,18-29,"Black, non-Latinx",139472,30446,0.2,22881,0.2,0,0,0,0
5/20/23,50-64,Latinx,114048,108535,1,99807,0.9,67533,0.6,33543,0.3
12/25/21,65+,Latinx,71039,54394,0.8,51199,0.7,31222,0.4,0,0
7/15/23,65+,"Asian, non-Latinx",26955,20615,0.8,18983,0.7,15994,0.6,10668,0.4
9/11/21,18-29,Latinx,147161,103123,0.7,91979,0.6,190,0,0,0
8/5/23,18-29,Latinx,147161,134140,0.9,115928,0.8,45863,0.3,18362,0.1
2/5/22,0-4,Latinx,54903,0,0,0,0,0,0,0,0
2/5/22,0-4,"Black, non-Latinx",47946,0,0,0,0,0,0,0,0
2/5/22,0-4,"White, non-Latinx",42995,0,0,0,0,0,0,0,0
2/5/22,0-4,"Asian, non-Latinx",9998,0,0,0,0,0,0,0,0
2/5/22,0-4,"Other, non-Latinx",6925,0,0,0,0,0,0,0,0
2/5/22,0-4,Unknown,,0,,0,,0,,0,
2/5/22,0-4,All,162797,0,0,0,0,0,0,0,0
3/20/21,30-49,"Black, non-Latinx",197825,27343,0.1,13635,0.1,0,0,0,0
9/3/22,30-49,Unknown,,31538,,25435,,7773,,0,
5/7/22,50-64,All,439599,395752,0.9,368330,0.8,235201,0.5,0,0
6/4/22,65+,All,362629,289101,0.8,271365,0.7,212198,0.6,0,0
1/21/23,50-64,"Asian, non-Latinx",27117,25725,0.9,23200,0.9,17232,0.6,8041,0.3
5/13/23,50-64,"White, non-Latinx",149921,119967,0.8,112922,0.8,82705,0.6,55534,0.4
6/12/21,50-64,"White, non-Latinx",149921,102888,0.7,97285,0.6,0,0,0,0
11/12/22,0-4,"Asian, non-Latinx",9998,2174,0.2,1166,0.1,4,0,0,0
7/17/21,50-64,Latinx,114048,91572,0.8,86541,0.8,0,0,0,0
2/18/23,0-4,Latinx,54903,7577,0.1,3007,0.1,23,0,624,0
4/16/22,50-64,All,439599,394986,0.9,367400,0.8,232167,0.5,0,0
4/1/23,18-29,Unknown,,21408,,15092,,3620,,2551,
8/6/22,0-4,All,162797,14151,0.1,2722,0,0,0,0,0
9/17/22,18-29,"Other, non-Latinx",11506,22272,1,17357,1,5038,0.4,167,0
8/6/22,0-4,"White, non-Latinx",42995,7465,0.2,1772,0,0,0,0,0
10/22/22,18-29,"Asian, non-Latinx",41068,43198,1,35924,0.9,20834,0.5,4251,0.1
12/18/21,18-29,"Asian, non-Latinx",41068,38234,0.9,34240,0.8,9890,0.2,0,0
8/7/21,65+,"Other, non-Latinx",3206,6371,1,5767,1,0,0,0,0
4/15/23,0-4,Unknown,,2779,,1968,,7,,571,
4/22/23,30-49,"White, non-Latinx",310259,242347,0.8,222268,0.7,155096,0.5,100433,0.3
11/26/22,18-29,Unknown,,20849,,15066,,3617,,1850,
10/1/22,50-64,"Asian, non-Latinx",27117,25336,0.9,23159,0.9,17230,0.6,1923,0.1
7/9/22,18-29,"Other, non-Latinx",11506,22089,1,17278,1,4921,0.4,0,0
7/29/23,50-64,Unknown,,16731,,12793,,4707,,2345,
1/22/22,65+,Unknown,,10569,,8546,,3352,,0,
1/1/22,18-29,Latinx,147161,115909,0.8,103799,0.7,20615,0.1,0,0
5/28/22,65+,"Asian, non-Latinx",26955,20003,0.7,18788,0.7,15582,0.6,0,0
2/18/23,65+,Unknown,,11817,,8870,,4149,,2020,
11/13/21,30-49,Latinx,226340,177695,0.8,165342,0.7,14684,0.1,0,0
2/12/22,0-4,Latinx,54903,0,0,0,0,0,0,0,0
2/12/22,0-4,"Black, non-Latinx",47946,0,0,0,0,0,0,0,0
2/12/22,0-4,"White, non-Latinx",42995,0,0,0,0,0,0,0,0
2/12/22,0-4,"Asian, non-Latinx",9998,0,0,0,0,0,0,0,0
2/12/22,0-4,"Other, non-Latinx",6925,0,0,0,0,0,0,0,0
2/12/22,0-4,Unknown,,0,,0,,0,,0,
2/12/22,0-4,All,162797,0,0,0,0,0,0,0,0
1/15/22,65+,"Other, non-Latinx",3206,7746,1,6614,1,3596,1,0,0
6/4/22,65+,"Asian, non-Latinx",26955,20018,0.7,18802,0.7,15626,0.6,0,0
11/13/21,50-64,"White, non-Latinx",149921,112575,0.8,107385,0.7,28035,0.2,0,0
7/17/21,30-49,Latinx,226340,153751,0.7,142459,0.6,0,0,0,0
8/28/21,50-64,"Black, non-Latinx",145449,101400,0.7,92673,0.6,356,0,0,0
1/14/23,50-64,"Black, non-Latinx",145449,120615,0.8,111821,0.8,69206,0.5,31854,0.2
1/7/23,0-4,"Asian, non-Latinx",9998,2476,0.2,1420,0.1,4,0,127,0
3/13/21,18-29,"Other, non-Latinx",11506,2483,0.2,1518,0.1,0,0,0,0
8/20/22,30-49,"Asian, non-Latinx",64910,54579,0.8,49981,0.8,35254,0.5,0,0
1/14/23,50-64,Latinx,114048,108071,0.9,99750,0.9,67516,0.6,27756,0.2
6/26/21,18-29,"White, non-Latinx",187581,118766,0.6,109820,0.6,0,0,0,0
12/4/21,50-64,"White, non-Latinx",149921,114024,0.8,108244,0.7,46693,0.3,0,0
3/4/23,0-4,Unknown,,2691,,1915,,6,,386,
5/22/21,50-64,Latinx,114048,84599,0.7,73964,0.6,0,0,0,0
7/9/22,18-29,All,526788,433251,0.8,371074,0.7,157435,0.3,0,0
5/15/21,30-49,"Other, non-Latinx",10186,16573,1,13029,1,0,0,0,0
9/24/22,30-49,"White, non-Latinx",310259,238641,0.8,221949,0.7,155039,0.5,24377,0.1
9/10/22,0-4,Unknown,,1884,,719,,3,,0,
7/16/22,30-49,"Asian, non-Latinx",64910,54488,0.8,49938,0.8,35035,0.5,0,0
4/30/22,50-64,Unknown,,15371,,12597,,4384,,0,
9/18/21,30-49,"Black, non-Latinx",197825,97546,0.5,84659,0.4,487,0,0,0
6/19/21,50-64,"Black, non-Latinx",145449,90777,0.6,81738,0.6,0,0,0,0
10/15/22,30-49,"Black, non-Latinx",197825,131305,0.7,118712,0.6,48682,0.2,6844,0
11/6/21,50-64,Unknown,,13096,,11436,,702,,0,
2/20/21,30-49,Latinx,226340,22174,0.1,7863,0,0,0,0,0
2/19/22,18-29,Latinx,147161,127076,0.9,111644,0.8,37773,0.3,0,0
10/16/21,50-64,"Black, non-Latinx",145449,107575,0.7,99281,0.7,4568,0,0,0
8/14/21,18-29,"Other, non-Latinx",11506,14592,1,12295,1,0,0,0,0
12/11/21,30-49,"Black, non-Latinx",197825,113222,0.6,101597,0.5,17525,0.1,0,0
8/19/23,0-4,All,162797,34057,0.2,18070,0.1,84,0,12590,0.1
10/2/21,50-64,Latinx,114048,97416,0.9,92392,0.8,1389,0,0,0
2/19/22,0-4,Latinx,54903,0,0,0,0,0,0,0,0
2/19/22,0-4,"Black, non-Latinx",47946,0,0,0,0,0,0,0,0
2/19/22,0-4,"White, non-Latinx",42995,0,0,0,0,0,0,0,0
2/19/22,0-4,"Asian, non-Latinx",9998,0,0,0,0,0,0,0,0
2/19/22,0-4,"Other, non-Latinx",6925,0,0,0,0,0,0,0,0
2/19/22,0-4,Unknown,,0,,0,,0,,0,
2/19/22,0-4,All,162797,0,0,0,0,0,0,0,0
8/5/23,18-29,"Other, non-Latinx",11506,23205,1,17483,1,5047,0.4,2506,0.2
7/2/22,50-64,Latinx,114048,106277,0.9,99345,0.9,66027,0.6,0,0
5/7/22,18-29,All,526788,430140,0.8,368910,0.7,152176,0.3,0,0
12/24/22,65+,"White, non-Latinx",135462,103573,0.8,97429,0.7,80733,0.6,60359,0.4
12/4/21,65+,Latinx,71039,53736,0.8,50776,0.7,24483,0.3,0,0
7/9/22,50-64,"Other, non-Latinx",3063,13955,1,11813,1,5332,1,0,0
8/28/21,30-49,Unknown,,23709,,20889,,18,,0,
10/29/22,30-49,"Asian, non-Latinx",64910,55194,0.8,50043,0.8,35296,0.5,10583,0.2
7/24/21,65+,Unknown,,9065,,7690,,0,,0,
12/3/22,50-64,"White, non-Latinx",149921,119595,0.8,112882,0.8,82694,0.6,45999,0.3
11/13/21,30-49,Unknown,,25794,,22521,,1834,,0,
10/23/21,30-49,Unknown,,25026,,22141,,948,,0,
6/4/22,18-29,All,526788,431738,0.8,369936,0.7,154715,0.3,0,0
4/22/23,50-64,Latinx,114048,108425,1,99804,0.9,67532,0.6,32843,0.3
7/22/23,18-29,All,526788,452829,0.9,375804,0.7,161673,0.3,79688,0.2
4/17/21,50-64,"White, non-Latinx",149921,86308,0.6,57323,0.4,0,0,0,0
10/1/22,65+,"Asian, non-Latinx",26955,20260,0.8,18964,0.7,15987,0.6,2332,0.1
2/6/21,18-29,All,526788,35106,0.1,16522,0,0,0,0,0
3/19/22,30-49,Unknown,,30740,,25096,,7239,,0,
12/4/21,30-49,"Asian, non-Latinx",64910,51150,0.8,48178,0.7,15953,0.2,0,0
4/17/21,30-49,"Other, non-Latinx",10186,12327,1,6955,0.7,0,0,0,0
6/10/23,0-4,"White, non-Latinx",42995,13300,0.3,9554,0.2,34,0,4216,0.1
6/3/23,0-4,"White, non-Latinx",42995,13252,0.3,9554,0.2,34,0,4054,0.1
5/13/23,65+,"White, non-Latinx",135462,103848,0.8,97457,0.7,80738,0.6,64907,0.5
3/25/23,0-4,All,162797,30841,0.2,17753,0.1,69,0,5009,0
4/16/22,50-64,Latinx,114048,105636,0.9,98876,0.9,63598,0.6,0,0
9/16/23,18-29,Latinx,147161,134344,0.9,115930,0.8,45865,0.3,18814,0.1
6/18/22,50-64,"Other, non-Latinx",3063,13931,1,11788,1,5262,1,0,0
12/11/21,18-29,Latinx,147161,113204,0.8,102460,0.7,12114,0.1,0,0
11/20/21,18-29,"Other, non-Latinx",11506,18129,1,15171,1,903,0.1,0,0
4/22/23,65+,Unknown,,11858,,8874,,4149,,2167,
8/20/22,18-29,Latinx,147161,130251,0.9,115197,0.8,45513,0.3,0,0
1/14/23,0-4,All,162797,28240,0.2,16589,0.1,51,0,1537,0
2/26/22,0-4,Latinx,54903,0,0,0,0,0,0,0,0
2/26/22,0-4,"Black, non-Latinx",47946,0,0,0,0,0,0,0,0
2/26/22,0-4,"White, non-Latinx",42995,0,0,0,0,0,0,0,0
2/26/22,0-4,"Asian, non-Latinx",9998,0,0,0,0,0,0,0,0
2/26/22,0-4,"Other, non-Latinx",6925,0,0,0,0,0,0,0,0
2/26/22,0-4,Unknown,,0,,0,,0,,0,
2/26/22,0-4,All,162797,0,0,0,0,0,0,0,0
9/18/21,50-64,Latinx,114048,96704,0.8,91477,0.8,677,0,0,0
6/4/22,65+,Unknown,,10948,,8780,,3937,,0,
7/31/21,50-64,All,439599,339776,0.8,318043,0.7,0,0,0,0
5/21/22,30-49,Latinx,226340,197878,0.9,180404,0.8,87195,0.4,0,0
7/30/22,0-4,"Asian, non-Latinx",9998,1152,0.1,149,0,0,0,0,0
5/22/21,18-29,"Black, non-Latinx",139472,28920,0.2,21229,0.2,0,0,0,0
6/25/22,30-49,"Other, non-Latinx",10186,30608,1,25841,1,9537,0.9,0,0
4/10/21,30-49,"Other, non-Latinx",10186,10650,1,5773,0.6,0,0,0,0
5/20/23,65+,"Asian, non-Latinx",26955,20584,0.8,18983,0.7,15994,0.6,10493,0.4
1/28/23,0-4,"Asian, non-Latinx",9998,2569,0.3,1457,0.1,5,0,254,0
9/9/23,30-49,All,809519,702643,0.9,625703,0.8,347305,0.4,195396,0.2
7/24/21,18-29,"Black, non-Latinx",139472,38106,0.3,32069,0.2,0,0,0,0
12/10/22,18-29,"Other, non-Latinx",11506,22832,1,17423,1,5044,0.4,1719,0.1
2/26/22,65+,"Other, non-Latinx",3206,7861,1,6711,1,3917,1,0,0
3/19/22,50-64,"Asian, non-Latinx",27117,24743,0.9,22766,0.8,16162,0.6,0,0
11/13/21,18-29,Unknown,,15613,,13586,,730,,0,
4/8/23,65+,"Asian, non-Latinx",26955,20540,0.8,18983,0.7,15994,0.6,10182,0.4
1/30/21,65+,Unknown,,1080,,130,,0,,0,
8/5/23,65+,"Asian, non-Latinx",26955,20627,0.8,18983,0.7,15994,0.6,10713,0.4
4/29/23,65+,All,362629,298357,0.8,273685,0.8,218862,0.6,158196,0.4
1/21/23,65+,"Asian, non-Latinx",26955,20511,0.8,18981,0.7,15994,0.6,9424,0.4
8/21/21,50-64,"Black, non-Latinx",145449,100350,0.7,91538,0.6,170,0,0,0
4/9/22,30-49,All,809519,677277,0.8,617253,0.8,329384,0.4,0,0
5/6/23,50-64,Latinx,114048,108490,1,99804,0.9,67532,0.6,33249,0.3
12/10/22,30-49,Unknown,,33037,,25548,,7803,,3542,
9/3/22,18-29,"Other, non-Latinx",11506,22226,1,17343,1,5036,0.4,2,0
1/14/23,18-29,"Other, non-Latinx",11506,22941,1,17436,1,5044,0.4,2014,0.2
9/11/21,18-29,"Black, non-Latinx",139472,46471,0.3,38006,0.3,81,0,0,0
7/29/23,18-29,"Other, non-Latinx",11506,23201,1,17483,1,5047,0.4,2500,0.2
4/9/22,18-29,Unknown,,19120,,14861,,3348,,0,
3/19/22,50-64,"Other, non-Latinx",3063,13726,1,11656,1,4903,1,0,0
12/10/22,50-64,"Asian, non-Latinx",27117,25594,0.9,23187,0.9,17232,0.6,6677,0.2
3/25/23,65+,"Asian, non-Latinx",26955,20537,0.8,18983,0.7,15994,0.6,10115,0.4
3/5/22,0-4,Latinx,54903,0,0,0,0,0,0,0,0
3/5/22,0-4,"Black, non-Latinx",47946,0,0,0,0,0,0,0,0
3/5/22,0-4,"White, non-Latinx",42995,0,0,0,0,0,0,0,0
3/5/22,0-4,"Asian, non-Latinx",9998,0,0,0,0,0,0,0,0
3/5/22,0-4,"Other, non-Latinx",6925,0,0,0,0,0,0,0,0
3/5/22,0-4,Unknown,,0,,0,,0,,0,
3/5/22,0-4,All,162797,0,0,0,0,0,0,0,0
12/18/21,65+,Unknown,,10231,,8402,,2614,,0,
10/29/22,65+,"White, non-Latinx",135462,103080,0.8,97410,0.7,80716,0.6,45353,0.3
11/5/22,0-4,Latinx,54903,5561,0.1,1902,0,7,0,0,0
12/3/22,50-64,"Other, non-Latinx",3063,14288,1,11868,1,5460,1,2015,0.7
3/4/23,50-64,Unknown,,16604,,12785,,4706,,2119,
12/3/22,30-49,Unknown,,32969,,25546,,7801,,3401,
3/6/21,18-29,"Black, non-Latinx",139472,5001,0,2528,0,0,0,0,0
10/15/22,65+,Latinx,71039,56978,0.8,53017,0.7,43002,0.6,8473,0.1
1/28/23,50-64,"Asian, non-Latinx",27117,25731,0.9,23204,0.9,17232,0.6,8116,0.3
3/6/21,50-64,"Black, non-Latinx",145449,23516,0.2,11506,0.1,0,0,0,0
8/14/21,30-49,"White, non-Latinx",310259,212431,0.7,202699,0.7,38,0,0,0
2/18/23,50-64,"White, non-Latinx",149921,119864,0.8,112911,0.8,82702,0.6,53959,0.4
6/12/21,18-29,"White, non-Latinx",187581,117235,0.6,106941,0.6,0,0,0,0
8/19/23,65+,"White, non-Latinx",135462,103943,0.8,97457,0.7,80738,0.6,65738,0.5
9/2/23,50-64,Unknown,,16764,,12793,,4707,,2383,
8/5/23,30-49,"Black, non-Latinx",197825,133972,0.7,119968,0.6,48795,0.2,23635,0.1
4/15/23,50-64,"Asian, non-Latinx",27117,25795,1,23214,0.9,17232,0.6,8717,0.3
10/22/22,18-29,"White, non-Latinx",187581,149393,0.8,127735,0.7,67810,0.4,17059,0.1
2/26/22,50-64,"Other, non-Latinx",3063,13687,1,11611,1,4763,1,0,0
5/28/22,65+,"White, non-Latinx",135462,101607,0.8,96767,0.7,79300,0.6,0,0
11/26/22,0-4,"White, non-Latinx",42995,11381,0.3,8180,0.2,13,0,0,0
1/7/23,65+,Latinx,71039,57574,0.8,53061,0.7,43042,0.6,22270,0.3
12/4/21,30-49,Unknown,,26630,,22921,,3150,,0,
1/21/23,30-49,"Asian, non-Latinx",64910,55718,0.9,50082,0.8,35300,0.5,17877,0.3
6/12/21,18-29,Unknown,,13253,,11482,,0,,0,
7/22/23,0-4,Unknown,,2955,,1977,,7,,1110,
11/12/22,0-4,Latinx,54903,5774,0.1,2029,0,8,0,0,0
6/17/23,18-29,"White, non-Latinx",187581,152370,0.8,127894,0.7,67844,0.4,36703,0.2
7/24/21,50-64,"Other, non-Latinx",3063,9858,1,8773,1,0,0,0,0
7/16/22,65+,Latinx,71039,56380,0.8,52783,0.7,42187,0.6,0,0
3/12/22,0-4,Latinx,54903,0,0,0,0,0,0,0,0
3/12/22,0-4,"Black, non-Latinx",47946,0,0,0,0,0,0,0,0
3/12/22,0-4,"White, non-Latinx",42995,0,0,0,0,0,0,0,0
3/12/22,0-4,"Asian, non-Latinx",9998,0,0,0,0,0,0,0,0
3/12/22,0-4,"Other, non-Latinx",6925,0,0,0,0,0,0,0,0
3/12/22,0-4,Unknown,,0,,0,,0,,0,
3/12/22,0-4,All,162797,0,0,0,0,0,0,0,0
1/21/23,30-49,All,809519,697420,0.9,624815,0.8,347218,0.4,172879,0.2
4/2/22,65+,"Asian, non-Latinx",26955,19849,0.7,18569,0.7,15060,0.6,0,0
5/7/22,50-64,Unknown,,15394,,12608,,4416,,0,
5/14/22,30-49,Unknown,,31049,,25262,,7464,,0,
12/10/22,50-64,"Black, non-Latinx",145449,120343,0.8,111732,0.8,69174,0.5,27002,0.2
11/20/21,18-29,"Black, non-Latinx",139472,55649,0.4,46758,0.3,2001,0,0,0
11/26/22,0-4,Latinx,54903,6112,0.1,2256,0,10,0,0,0
9/9/23,50-64,Unknown,,16768,,12793,,4707,,2387,
6/10/23,50-64,"Asian, non-Latinx",27117,25862,1,23214,0.9,17232,0.6,8929,0.3
4/3/21,50-64,"Asian, non-Latinx",27117,12582,0.5,5978,0.2,0,0,0,0
8/20/22,65+,All,362629,290692,0.8,272996,0.8,217779,0.6,0,0
4/16/22,18-29,"Asian, non-Latinx",41068,41964,1,35614,0.9,19703,0.5,0,0
7/23/22,0-4,"Other, non-Latinx",6925,341,0,7,0,0,0,0,0
5/13/23,65+,Latinx,71039,57838,0.8,53088,0.7,43054,0.6,27248,0.4
10/2/21,18-29,"White, non-Latinx",187581,127511,0.7,118738,0.6,1802,0,0,0
12/17/22,65+,"Other, non-Latinx",3206,8393,1,6958,1,4457,1,2556,0.8
9/11/21,65+,"Asian, non-Latinx",26955,18451,0.7,17609,0.7,279,0,0,0
4/15/23,30-49,"Other, non-Latinx",10186,31673,1,26067,1,9778,1,4580,0.4
1/28/23,0-4,Latinx,54903,7279,0.1,2900,0.1,21,0,401,0
6/5/21,50-64,Unknown,,10958,,9020,,0,,0,
6/25/22,30-49,"White, non-Latinx",310259,237348,0.8,221530,0.7,153586,0.5,0,0
12/19/20,50-64,"Asian, non-Latinx",27117,250,0,0,0,0,0,0,0
8/19/23,0-4,Unknown,,2991,,1977,,7,,1190,
11/26/22,30-49,Unknown,,32867,,25534,,7799,,3234,
2/20/21,65+,All,362629,112983,0.3,35917,0.1,0,0,0,0
3/19/22,0-4,Latinx,54903,0,0,0,0,0,0,0,0
3/19/22,0-4,"Black, non-Latinx",47946,0,0,0,0,0,0,0,0
3/19/22,0-4,"White, non-Latinx",42995,0,0,0,0,0,0,0,0
3/19/22,0-4,"Asian, non-Latinx",9998,0,0,0,0,0,0,0,0
3/19/22,0-4,"Other, non-Latinx",6925,0,0,0,0,0,0,0,0
3/19/22,0-4,Unknown,,0,,0,,0,,0,
3/19/22,0-4,All,162797,0,0,0,0,0,0,0,0
3/13/21,30-49,"Asian, non-Latinx",64910,13294,0.2,8952,0.1,0,0,0,0
7/30/22,0-4,Unknown,,1302,,157,,0,,0,
4/8/23,65+,"White, non-Latinx",135462,103774,0.8,97456,0.7,80738,0.6,64141,0.5
2/5/22,18-29,All,526788,418339,0.8,354459,0.7,133263,0.3,0,0
4/30/22,65+,"Asian, non-Latinx",26955,19931,0.7,18688,0.7,15339,0.6,0,0
10/16/21,18-29,All,526788,356557,0.7,321485,0.6,7956,0,0,0
9/11/21,30-49,"Black, non-Latinx",197825,95378,0.5,82882,0.4,398,0,0,0
7/23/22,30-49,Latinx,226340,198637,0.9,180872,0.8,89239,0.4,0,0
12/11/21,65+,All,362629,279957,0.8,262480,0.7,153147,0.4,0,0
11/19/22,18-29,"Black, non-Latinx",139472,75148,0.5,62432,0.4,18413,0.1,4039,0
6/19/21,18-29,"White, non-Latinx",187581,118039,0.6,108688,0.6,0,0,0,0
1/8/22,50-64,Latinx,114048,102684,0.9,96293,0.8,45884,0.4,0,0
6/18/22,65+,Latinx,71039,56232,0.8,52642,0.7,41653,0.6,0,0
9/24/22,65+,Latinx,71039,56768,0.8,52997,0.7,42974,0.6,3350,0
6/10/23,30-49,"Black, non-Latinx",197825,133704,0.7,119964,0.6,48789,0.2,22861,0.1
9/10/22,65+,"White, non-Latinx",135462,102067,0.8,97378,0.7,80685,0.6,4419,0
7/3/21,18-29,"Asian, non-Latinx",41068,32639,0.8,30153,0.7,0,0,0,0
3/5/22,18-29,"Other, non-Latinx",11506,21672,1,16967,1,4433,0.4,0,0
4/3/21,18-29,"Asian, non-Latinx",41068,14570,0.4,6378,0.2,0,0,0,0
7/22/23,65+,"Other, non-Latinx",3206,8460,1,6963,1,4460,1,3134,1
4/15/23,65+,All,362629,298222,0.8,273682,0.8,218858,0.6,156854,0.4
8/5/23,0-4,All,162797,33764,0.2,18070,0.1,84,0,12106,0.1
2/20/21,18-29,"Black, non-Latinx",139472,3644,0,1596,0,0,0,0,0
4/17/21,18-29,"Black, non-Latinx",139472,18235,0.1,9837,0.1,0,0,0,0
10/30/21,50-64,"Black, non-Latinx",145449,108761,0.7,100912,0.7,9060,0.1,0,0
4/2/22,30-49,"Asian, non-Latinx",64910,54132,0.8,49712,0.8,33830,0.5,0,0
4/10/21,50-64,Latinx,114048,63508,0.6,36676,0.3,0,0,0,0
9/3/22,65+,"Other, non-Latinx",3206,8128,1,6944,1,4437,1,2,0
3/26/22,0-4,Latinx,54903,0,0,0,0,0,0,0,0
3/26/22,0-4,"Black, non-Latinx",47946,0,0,0,0,0,0,0,0
3/26/22,0-4,"White, non-Latinx",42995,0,0,0,0,0,0,0,0
3/26/22,0-4,"Asian, non-Latinx",9998,0,0,0,0,0,0,0,0
3/26/22,0-4,"Other, non-Latinx",6925,0,0,0,0,0,0,0,0
3/26/22,0-4,Unknown,,0,,0,,0,,0,
3/26/22,0-4,All,162797,0,0,0,0,0,0,0,0
6/17/23,65+,"Black, non-Latinx",125967,95966,0.8,88323,0.7,70480,0.6,52216,0.4
7/31/21,65+,"Other, non-Latinx",3206,6311,1,5732,1,0,0,0,0
6/3/23,65+,"Black, non-Latinx",125967,95954,0.8,88323,0.7,70475,0.6,52011,0.4
1/1/22,18-29,"Asian, non-Latinx",41068,38941,0.9,34437,0.8,12779,0.3,0,0
4/22/23,50-64,"Other, non-Latinx",3063,14427,1,11890,1,5464,1,2794,0.9
3/11/23,30-49,"Asian, non-Latinx",64910,55815,0.9,50094,0.8,35303,0.5,18780,0.3
4/15/23,65+,"Asian, non-Latinx",26955,20543,0.8,18983,0.7,15994,0.6,10242,0.4
6/19/21,30-49,"White, non-Latinx",310259,205637,0.7,195948,0.6,0,0,0,0
2/18/23,18-29,"Asian, non-Latinx",41068,44130,1,35964,0.9,20840,0.5,9438,0.2
3/26/22,30-49,Unknown,,30786,,25120,,7278,,0,
8/5/23,50-64,Latinx,114048,108677,1,99809,0.9,67538,0.6,34442,0.3
7/30/22,50-64,Latinx,114048,106508,0.9,99491,0.9,66798,0.6,0,0
5/29/21,18-29,Latinx,147161,78846,0.5,64468,0.4,0,0,0,0
4/17/21,30-49,"Asian, non-Latinx",64910,34613,0.5,20443,0.3,0,0,0,0
4/23/22,65+,"White, non-Latinx",135462,101303,0.7,96088,0.7,78113,0.6,0,0
9/16/23,65+,"Asian, non-Latinx",26955,20649,0.8,18983,0.7,15995,0.6,10792,0.4
5/29/21,30-49,"Black, non-Latinx",197825,70539,0.4,57842,0.3,0,0,0,0
12/3/22,0-4,All,162797,26049,0.2,15149,0.1,35,0,0,0
12/24/22,30-49,Latinx,226340,201747,0.9,181445,0.8,90474,0.4,28521,0.1
4/24/21,65+,"Other, non-Latinx",3206,5220,1,4221,1,0,0,0,0
1/9/21,50-64,"Black, non-Latinx",145449,3132,0,328,0,0,0,0,0
4/2/22,0-4,Latinx,54903,0,0,0,0,0,0,0,0
4/2/22,0-4,"Black, non-Latinx",47946,0,0,0,0,0,0,0,0
4/2/22,0-4,"White, non-Latinx",42995,0,0,0,0,0,0,0,0
4/2/22,0-4,"Asian, non-Latinx",9998,0,0,0,0,0,0,0,0
4/2/22,0-4,"Other, non-Latinx",6925,0,0,0,0,0,0,0,0
4/2/22,0-4,Unknown,,0,,0,,0,,0,
4/2/22,0-4,All,162797,0,0,0,0,0,0,0,0
8/28/21,18-29,Unknown,,14496,,12814,,10,,0,
12/17/22,65+,"Black, non-Latinx",125967,95203,0.8,88248,0.7,70431,0.6,41273,0.3
3/27/21,65+,"Asian, non-Latinx",26955,14034,0.5,8741,0.3,0,0,0,0
4/15/23,30-49,Latinx,226340,203159,0.9,181659,0.8,90496,0.4,36771,0.2
12/31/22,18-29,All,526788,447439,0.8,374633,0.7,161591,0.3,63415,0.1
9/25/21,30-49,"Other, non-Latinx",10186,24362,1,21120,1,155,0,0,0
7/10/21,18-29,"Black, non-Latinx",139472,36283,0.3,30491,0.2,0,0,0,0
1/21/23,65+,"White, non-Latinx",135462,103674,0.8,97437,0.7,80734,0.6,62330,0.5
1/21/23,50-64,All,439599,405185,0.9,372345,0.8,246830,0.6,126177,0.3
10/16/21,30-49,Unknown,,24891,,22022,,751,,0,
9/24/22,50-64,"White, non-Latinx",149921,118717,0.8,112835,0.8,82661,0.6,11799,0.1
2/18/23,50-64,Unknown,,16589,,12784,,4706,,2095,
8/28/21,50-64,All,439599,350298,0.8,327371,0.7,1856,0,0,0
12/17/22,50-64,All,439599,404314,0.9,372211,0.8,246793,0.6,113312,0.3
6/17/23,30-49,Unknown,,33715,,25614,,7813,,4600,
12/4/21,18-29,"Asian, non-Latinx",41068,37357,0.9,33994,0.8,6448,0.2,0,0
11/13/21,50-64,All,439599,370282,0.8,348227,0.8,63178,0.1,0,0
2/4/23,18-29,Latinx,147161,132777,0.9,115743,0.8,45839,0.3,14347,0.1
5/6/23,65+,All,362629,298422,0.8,273686,0.8,218862,0.6,158807,0.4
2/25/23,65+,"Other, non-Latinx",3206,8423,1,6962,1,4457,1,2915,0.9
2/11/23,0-4,All,162797,29395,0.2,17119,0.1,58,0,3063,0
2/12/22,30-49,"Asian, non-Latinx",64910,53774,0.8,49403,0.8,32333,0.5,0,0
7/22/23,30-49,Unknown,,33749,,25615,,7813,,4656,
11/27/21,50-64,All,439599,373491,0.8,350479,0.8,92178,0.2,0,0
5/14/22,18-29,"Asian, non-Latinx",41068,42107,1,35691,0.9,20060,0.5,0,0
8/14/21,30-49,"Other, non-Latinx",10186,21727,1,19000,1,4,0,0,0
8/6/22,30-49,"White, non-Latinx",310259,237634,0.8,221788,0.7,154607,0.5,0,0
7/23/22,50-64,"Asian, non-Latinx",27117,25148,0.9,23097,0.9,17090,0.6,0,0
4/9/22,0-4,Latinx,54903,0,0,0,0,0,0,0,0
4/9/22,0-4,"Black, non-Latinx",47946,0,0,0,0,0,0,0,0
4/9/22,0-4,"White, non-Latinx",42995,0,0,0,0,0,0,0,0
4/9/22,0-4,"Asian, non-Latinx",9998,0,0,0,0,0,0,0,0
4/9/22,0-4,"Other, non-Latinx",6925,0,0,0,0,0,0,0,0
4/9/22,0-4,Unknown,,0,,0,,0,,0,
4/9/22,0-4,All,162797,0,0,0,0,0,0,0,0
4/10/21,65+,"Asian, non-Latinx",26955,15344,0.6,12019,0.4,0,0,0,0
1/30/21,65+,"Black, non-Latinx",125967,13556,0.1,898,0,0,0,0,0
2/4/23,30-49,All,809519,697980,0.9,624989,0.8,347229,0.4,176258,0.2
3/12/22,30-49,"Black, non-Latinx",197825,127094,0.6,114718,0.6,41137,0.2,0,0
8/5/23,18-29,"Asian, non-Latinx",41068,44289,1,35976,0.9,20843,0.5,10198,0.2
5/13/23,30-49,"White, non-Latinx",310259,242406,0.8,222269,0.7,155097,0.5,100903,0.3
10/23/21,18-29,"White, non-Latinx",187581,128817,0.7,119943,0.6,5475,0,0,0
11/19/22,0-4,"Asian, non-Latinx",9998,2227,0.2,1227,0.1,4,0,0,0
5/22/21,30-49,Unknown,,20258,,16529,,0,,0,
7/2/22,30-49,"White, non-Latinx",310259,237391,0.8,221567,0.7,153745,0.5,0,0
11/26/22,30-49,"Other, non-Latinx",10186,31339,1,25993,1,9766,1,3304,0.3
6/10/23,18-29,"Black, non-Latinx",139472,77062,0.6,63420,0.5,18451,0.1,8600,0.1
3/19/22,50-64,Unknown,,15214,,12531,,4238,,0,
1/23/21,65+,"Black, non-Latinx",125967,6720,0.1,329,0,0,0,0,0
3/27/21,50-64,Latinx,114048,48509,0.4,21765,0.2,0,0,0,0
7/8/23,50-64,"Black, non-Latinx",145449,121230,0.8,112014,0.8,69264,0.5,38303,0.3
2/25/23,50-64,"Asian, non-Latinx",27117,25765,1,23211,0.9,17232,0.6,8397,0.3
12/31/22,0-4,All,162797,27555,0.2,16204,0.1,45,0,627,0
5/28/22,50-64,"Asian, non-Latinx",27117,24971,0.9,22970,0.8,16781,0.6,0,0
6/25/22,30-49,All,809519,681342,0.8,620638,0.8,340260,0.4,0,0
7/8/23,30-49,"White, non-Latinx",310259,242529,0.8,222270,0.7,155097,0.5,101597,0.3
11/13/21,18-29,"White, non-Latinx",187581,130952,0.7,120965,0.6,13434,0.1,0,0
8/26/23,30-49,"Asian, non-Latinx",64910,55957,0.9,50105,0.8,35305,0.5,19667,0.3
8/19/23,30-49,Latinx,226340,204134,0.9,181668,0.8,90506,0.4,39551,0.2
2/4/23,18-29,"Other, non-Latinx",11506,22991,1,17449,1,5044,0.4,2116,0.2
4/16/22,0-4,Latinx,54903,0,0,0,0,0,0,0,0
4/16/22,0-4,"Black, non-Latinx",47946,0,0,0,0,0,0,0,0
4/16/22,0-4,"White, non-Latinx",42995,0,0,0,0,0,0,0,0
4/16/22,0-4,"Asian, non-Latinx",9998,0,0,0,0,0,0,0,0
4/16/22,0-4,"Other, non-Latinx",6925,0,0,0,0,0,0,0,0
4/16/22,0-4,Unknown,,0,,0,,0,,0,
4/16/22,0-4,All,162797,0,0,0,0,0,0,0,0
3/18/23,65+,Unknown,,11831,,8872,,4149,,2096,
10/8/22,30-49,"Asian, non-Latinx",64910,54948,0.8,50026,0.8,35295,0.5,6626,0.1
1/29/22,18-29,"Black, non-Latinx",139472,66644,0.5,53110,0.4,12245,0.1,0,0
5/14/22,30-49,Latinx,226340,197770,0.9,180340,0.8,86858,0.4,0,0
4/29/23,0-4,"Other, non-Latinx",6925,1380,0.2,669,0.1,0,0,237,0
4/24/21,18-29,Latinx,147161,59932,0.4,36527,0.2,0,0,0,0
4/2/22,30-49,All,809519,676797,0.8,616777,0.8,328083,0.4,0,0
2/4/23,65+,All,362629,297665,0.8,273601,0.8,218823,0.6,148430,0.4
7/8/23,30-49,"Asian, non-Latinx",64910,55934,0.9,50103,0.8,35304,0.5,19560,0.3
3/18/23,0-4,All,162797,30619,0.2,17658,0.1,66,0,4700,0
2/20/21,18-29,All,526788,45632,0.1,24535,0,0,0,0,0
6/26/21,30-49,"Asian, non-Latinx",64910,46065,0.7,43262,0.7,0,0,0,0
6/24/23,50-64,"Asian, non-Latinx",27117,25879,1,23214,0.9,17232,0.6,8963,0.3
2/25/23,30-49,"White, non-Latinx",310259,242148,0.8,222220,0.7,155091,0.5,98533,0.3
5/20/23,18-29,All,526788,451727,0.9,375786,0.7,161655,0.3,76944,0.1
12/18/21,65+,Latinx,71039,54204,0.8,51076,0.7,29522,0.4,0,0
5/27/23,18-29,Unknown,,21497,,15097,,3620,,2669,
6/17/23,18-29,"Other, non-Latinx",11506,23173,1,17483,1,5047,0.4,2440,0.2
1/1/22,50-64,"Other, non-Latinx",3063,13101,1,11152,1,3491,1,0,0
9/3/22,0-4,"Asian, non-Latinx",9998,1642,0.2,469,0,1,0,0,0
1/2/21,18-29,Unknown,,885,,0,,0,,0,
9/3/22,0-4,All,162797,18443,0.1,5975,0,10,0,0,0
12/18/21,30-49,"White, non-Latinx",310259,229725,0.7,216133,0.7,110097,0.4,0,0
11/27/21,18-29,Latinx,147161,111772,0.8,101472,0.7,7522,0.1,0,0
9/4/21,18-29,"Black, non-Latinx",139472,45307,0.3,37200,0.3,68,0,0,0
9/10/22,30-49,Unknown,,31589,,25444,,7782,,125,
10/15/22,30-49,"Other, non-Latinx",10186,31075,1,25967,1,9764,1,1786,0.2
7/17/21,18-29,"Black, non-Latinx",139472,37083,0.3,31304,0.2,0,0,0,0
4/23/22,0-4,Latinx,54903,0,0,0,0,0,0,0,0
4/23/22,0-4,"Black, non-Latinx",47946,0,0,0,0,0,0,0,0
4/23/22,0-4,"White, non-Latinx",42995,0,0,0,0,0,0,0,0
4/23/22,0-4,"Asian, non-Latinx",9998,0,0,0,0,0,0,0,0
4/23/22,0-4,"Other, non-Latinx",6925,0,0,0,0,0,0,0,0
4/23/22,0-4,Unknown,,0,,0,,0,,0,
4/23/22,0-4,All,162797,0,0,0,0,0,0,0,0
6/26/21,18-29,Unknown,,13543,,11922,,0,,0,
12/31/22,30-49,All,809519,696372,0.9,624578,0.8,347190,0.4,164768,0.2
3/4/23,18-29,"Asian, non-Latinx",41068,44148,1,35966,0.9,20841,0.5,9557,0.2
2/4/23,0-4,"Other, non-Latinx",6925,1217,0.2,603,0.1,0,0,82,0
12/24/22,50-64,"Other, non-Latinx",3063,14329,1,11870,1,5461,1,2312,0.8
4/10/21,30-49,"Asian, non-Latinx",64910,30904,0.5,16341,0.3,0,0,0,0
4/17/21,65+,"Black, non-Latinx",125967,71341,0.6,59512,0.5,0,0,0,0
7/15/23,50-64,All,439599,406981,0.9,372642,0.8,246914,0.6,142764,0.3
10/29/22,0-4,Unknown,,2270,,1438,,4,,0,
8/21/21,18-29,"Black, non-Latinx",139472,42813,0.3,35340,0.3,27,0,0,0
2/19/22,65+,"Asian, non-Latinx",26955,19759,0.7,18508,0.7,14671,0.5,0,0
7/22/23,30-49,"Other, non-Latinx",10186,31789,1,26070,1,9779,1,4818,0.5
6/18/22,65+,"Other, non-Latinx",3206,8025,1,6880,1,4281,1,0,0
3/12/22,65+,"White, non-Latinx",135462,100941,0.7,95223,0.7,76558,0.6,0,0
9/2/23,65+,"Black, non-Latinx",125967,96047,0.8,88326,0.7,70494,0.6,52949,0.4
1/14/23,30-49,"White, non-Latinx",310259,241898,0.8,222165,0.7,155086,0.5,95351,0.3
12/18/21,50-64,Unknown,,13933,,11826,,2361,,0,
12/25/21,18-29,"White, non-Latinx",187581,138454,0.7,123174,0.7,43394,0.2,0,0
8/21/21,65+,Unknown,,9239,,7816,,9,,0,
12/31/22,50-64,"Asian, non-Latinx",27117,25676,0.9,23192,0.9,17232,0.6,7414,0.3
4/30/22,30-49,Unknown,,30979,,25242,,7414,,0,
10/9/21,30-49,All,809519,594862,0.7,551437,0.7,17243,0,0,0
2/11/23,50-64,"Black, non-Latinx",145449,120775,0.8,111886,0.8,69224,0.5,33914,0.2
4/30/22,0-4,Latinx,54903,0,0,0,0,0,0,0,0
4/30/22,0-4,"Black, non-Latinx",47946,0,0,0,0,0,0,0,0
4/30/22,0-4,"White, non-Latinx",42995,0,0,0,0,0,0,0,0
4/30/22,0-4,"Asian, non-Latinx",9998,0,0,0,0,0,0,0,0
4/30/22,0-4,"Other, non-Latinx",6925,0,0,0,0,0,0,0,0
4/30/22,0-4,Unknown,,0,,0,,0,,0,
4/30/22,0-4,All,162797,0,0,0,0,0,0,0,0
7/29/23,65+,Unknown,,11922,,8875,,4150,,2306,
6/5/21,65+,Unknown,,8636,,7134,,0,,0,
1/15/22,65+,"Black, non-Latinx",125967,90649,0.7,85342,0.7,57275,0.5,0,0
6/19/21,30-49,Unknown,,21787,,19011,,0,,0,
1/30/21,50-64,"White, non-Latinx",149921,12427,0.1,4175,0,0,0,0,0
4/10/21,30-49,"Black, non-Latinx",197825,45327,0.2,26237,0.1,0,0,0,0
4/8/23,0-4,"White, non-Latinx",42995,12908,0.3,9500,0.2,32,0,2772,0.1
12/17/22,30-49,"Asian, non-Latinx",64910,55552,0.9,50071,0.8,35298,0.5,16091,0.2
1/7/23,18-29,All,526788,447880,0.8,374715,0.7,161595,0.3,65123,0.1
9/2/23,0-4,"White, non-Latinx",42995,13769,0.3,9556,0.2,37,0,5436,0.1
1/14/23,65+,"Other, non-Latinx",3206,8412,1,6960,1,4457,1,2774,0.9
5/14/22,50-64,Latinx,114048,105874,0.9,99073,0.9,64638,0.6,0,0
6/4/22,50-64,"Asian, non-Latinx",27117,24995,0.9,22988,0.8,16813,0.6,0,0
12/3/22,30-49,"Other, non-Latinx",10186,31385,1,26001,1,9767,1,3488,0.3
4/3/21,30-49,"Asian, non-Latinx",64910,25730,0.4,12644,0.2,0,0,0,0
9/25/21,65+,"White, non-Latinx",135462,95814,0.7,91978,0.7,6560,0,0,0
7/8/23,50-64,Unknown,,16725,,12793,,4707,,2336,
11/6/21,18-29,Unknown,,15486,,13537,,627,,0,
3/11/23,18-29,"Other, non-Latinx",11506,23054,1,17473,1,5047,0.4,2240,0.2
8/21/21,30-49,"White, non-Latinx",310259,213341,0.7,203581,0.7,626,0,0,0
6/10/23,18-29,Unknown,,21514,,15097,,3620,,2691,
5/7/22,18-29,Unknown,,19229,,14888,,3401,,0,
9/18/21,18-29,"White, non-Latinx",187581,126681,0.7,117631,0.6,610,0,0,0
1/16/21,18-29,All,526788,19000,0,6317,0,0,0,0,0
12/10/22,0-4,"White, non-Latinx",42995,11676,0.3,8578,0.2,13,0,0,0
7/31/21,30-49,"White, non-Latinx",310259,210422,0.7,201308,0.6,0,0,0,0
4/3/21,11-May,All,210448,0,0,0,0,0,0,0,0
4/1/23,50-64,"Other, non-Latinx",3063,14422,1,11888,1,5464,1,2767,0.9
9/9/23,65+,"Asian, non-Latinx",26955,20646,0.8,18983,0.7,15995,0.6,10788,0.4
10/8/22,65+,All,362629,292953,0.8,273299,0.8,218551,0.6,54517,0.2
5/15/21,50-64,"Asian, non-Latinx",27117,19597,0.7,16684,0.6,0,0,0,0
4/9/22,65+,"Black, non-Latinx",125967,91894,0.7,86841,0.7,64904,0.5,0,0
10/29/22,18-29,"Black, non-Latinx",139472,74835,0.5,62258,0.4,18408,0.1,2871,0
7/17/21,30-49,All,809519,532458,0.7,496895,0.6,0,0,0,0
5/7/22,0-4,Latinx,54903,0,0,0,0,0,0,0,0
5/7/22,0-4,"Black, non-Latinx",47946,0,0,0,0,0,0,0,0
5/7/22,0-4,"White, non-Latinx",42995,0,0,0,0,0,0,0,0
5/7/22,0-4,"Asian, non-Latinx",9998,0,0,0,0,0,0,0,0
5/7/22,0-4,"Other, non-Latinx",6925,0,0,0,0,0,0,0,0
5/7/22,0-4,Unknown,,0,,0,,0,,0,
5/7/22,0-4,All,162797,0,0,0,0,0,0,0,0
10/29/22,65+,Unknown,,11533,,8860,,4147,,1089,
7/15/23,0-4,Latinx,54903,8931,0.2,3248,0.1,30,0,2720,0
2/13/21,65+,"Other, non-Latinx",3206,2147,0.7,588,0.2,0,0,0,0
4/3/21,65+,"Black, non-Latinx",125967,66303,0.5,47068,0.4,0,0,0,0
12/31/22,65+,"Black, non-Latinx",125967,95332,0.8,88256,0.7,70431,0.6,43447,0.3
8/13/22,30-49,"White, non-Latinx",310259,237677,0.8,221827,0.7,154739,0.5,0,0
9/17/22,0-4,Unknown,,1952,,819,,3,,0,
4/9/22,50-64,Unknown,,15288,,12573,,4324,,0,
12/24/22,18-29,Latinx,147161,132193,0.9,115633,0.8,45832,0.3,12065,0.1
6/10/23,30-49,Latinx,226340,203642,0.9,181667,0.8,90503,0.4,38338,0.2
9/17/22,0-4,"White, non-Latinx",42995,9580,0.2,4758,0.1,6,0,0,0
6/19/21,65+,"Other, non-Latinx",3206,6009,1,5408,1,0,0,0,0
6/12/21,65+,Latinx,71039,48967,0.7,45913,0.6,0,0,0,0
4/17/21,50-64,Latinx,114048,69367,0.6,45522,0.4,0,0,0,0
5/20/23,65+,All,362629,298538,0.8,273688,0.8,218867,0.6,159938,0.4
10/8/22,0-4,All,162797,21727,0.1,10312,0.1,20,0,0,0
8/26/23,0-4,Latinx,54903,9297,0.2,3250,0.1,30,0,3298,0.1
12/18/21,65+,"White, non-Latinx",135462,99834,0.7,94234,0.7,66466,0.5,0,0
9/2/23,30-49,All,809519,702552,0.9,625700,0.8,347302,0.4,195172,0.2
5/27/23,18-29,"Other, non-Latinx",11506,23152,1,17483,1,5047,0.4,2407,0.2
4/10/21,50-64,"Asian, non-Latinx",27117,14576,0.5,8104,0.3,0,0,0,0
11/19/22,30-49,"Black, non-Latinx",197825,131928,0.7,119009,0.6,48713,0.2,13130,0.1
10/22/22,18-29,"Black, non-Latinx",139472,74729,0.5,62188,0.4,18403,0.1,2451,0
7/30/22,30-49,"White, non-Latinx",310259,237594,0.8,221748,0.7,154467,0.5,0,0
10/9/21,65+,"Black, non-Latinx",125967,86827,0.7,81431,0.6,7669,0.1,0,0
11/13/21,50-64,"Other, non-Latinx",3063,12268,1,10795,1,1157,0.4,0,0
6/17/23,65+,"Other, non-Latinx",3206,8452,1,6963,1,4460,1,3110,1
2/18/23,0-4,"Asian, non-Latinx",9998,2639,0.3,1489,0.1,5,0,376,0
1/7/23,18-29,Unknown,,21158,,15075,,3619,,2265,
10/22/22,0-4,All,162797,22880,0.1,11770,0.1,23,0,0,0
9/10/22,0-4,"Other, non-Latinx",6925,639,0.1,164,0,0,0,0,0
6/5/21,65+,"White, non-Latinx",135462,91423,0.7,87272,0.6,0,0,0,0
2/25/23,0-4,Unknown,,2681,,1902,,6,,349,
5/14/22,0-4,Latinx,54903,0,0,0,0,0,0,0,0
5/14/22,0-4,"Black, non-Latinx",47946,0,0,0,0,0,0,0,0
5/14/22,0-4,"White, non-Latinx",42995,0,0,0,0,0,0,0,0
5/14/22,0-4,"Asian, non-Latinx",9998,0,0,0,0,0,0,0,0
5/14/22,0-4,"Other, non-Latinx",6925,0,0,0,0,0,0,0,0
5/14/22,0-4,Unknown,,0,,0,,0,,0,
5/14/22,0-4,All,162797,0,0,0,0,0,0,0,0
10/2/21,18-29,Latinx,147161,106415,0.7,95837,0.7,578,0,0,0
10/29/22,18-29,"Other, non-Latinx",11506,22567,1,17391,1,5041,0.4,1006,0.1
7/10/21,65+,All,362629,257624,0.7,243259,0.7,0,0,0,0
3/26/22,30-49,Latinx,226340,196913,0.9,179692,0.8,84288,0.4,0,0
10/9/21,50-64,Latinx,114048,97734,0.9,92747,0.8,2165,0,0,0
7/9/22,65+,Unknown,,11044,,8815,,4019,,0,
2/27/21,65+,Unknown,,3353,,1115,,0,,0,
7/8/23,0-4,All,162797,33128,0.2,18067,0.1,83,0,10770,0.1
8/5/23,65+,"Other, non-Latinx",3206,8466,1,6963,1,4460,1,3144,1
8/14/21,50-64,"Black, non-Latinx",145449,99266,0.7,90449,0.6,16,0,0,0
6/24/23,18-29,All,526788,452329,0.9,375799,0.7,161663,0.3,78514,0.1
12/18/21,50-64,"Black, non-Latinx",145449,112362,0.8,104607,0.7,36966,0.3,0,0
7/15/23,50-64,"Asian, non-Latinx",27117,25890,1,23214,0.9,17232,0.6,8998,0.3
3/26/22,18-29,"White, non-Latinx",187581,145783,0.8,126697,0.7,64095,0.3,0,0
9/17/22,0-4,"Other, non-Latinx",6925,668,0.1,207,0,0,0,0,0
1/23/21,50-64,All,439599,22106,0,6409,0,0,0,0,0
7/23/22,50-64,"Other, non-Latinx",3063,13982,1,11820,1,5370,1,0,0
11/6/21,30-49,Latinx,226340,176901,0.8,164672,0.7,10826,0,0,0
7/22/23,50-64,"Asian, non-Latinx",27117,25893,1,23214,0.9,17232,0.6,9001,0.3
4/1/23,30-49,"Asian, non-Latinx",64910,55840,0.9,50100,0.8,35303,0.5,19007,0.3
5/15/21,50-64,Unknown,,10105,,7667,,0,,0,
2/11/23,50-64,"White, non-Latinx",149921,119846,0.8,112911,0.8,82702,0.6,53700,0.4
10/2/21,30-49,"White, non-Latinx",310259,218241,0.7,208815,0.7,6112,0,0,0
10/22/22,50-64,Latinx,114048,107273,0.9,99675,0.9,67488,0.6,11385,0.1
8/12/23,50-64,All,439599,407142,0.9,372642,0.8,246920,0.6,143459,0.3
5/21/22,0-4,Latinx,54903,0,0,0,0,0,0,0,0
5/21/22,0-4,"Black, non-Latinx",47946,0,0,0,0,0,0,0,0
5/21/22,0-4,"White, non-Latinx",42995,0,0,0,0,0,0,0,0
5/21/22,0-4,"Asian, non-Latinx",9998,0,0,0,0,0,0,0,0
5/21/22,0-4,"Other, non-Latinx",6925,0,0,0,0,0,0,0,0
5/21/22,0-4,Unknown,,0,,0,,0,,0,
5/21/22,0-4,All,162797,0,0,0,0,0,0,0,0
1/15/22,30-49,"White, non-Latinx",310259,233777,0.8,217853,0.7,137039,0.4,0,0
10/15/22,50-64,"Asian, non-Latinx",27117,25379,0.9,23166,0.9,17230,0.6,3048,0.1
1/15/22,18-29,All,526788,405054,0.8,345706,0.7,114065,0.2,0,0
7/29/23,30-49,"Asian, non-Latinx",64910,55940,0.9,50104,0.8,35304,0.5,19597,0.3
1/1/22,30-49,Unknown,,28051,,23458,,5280,,0,
5/13/23,0-4,"Asian, non-Latinx",9998,2806,0.3,1557,0.2,6,0,759,0.1
11/6/21,50-64,All,439599,368723,0.8,346852,0.8,49699,0.1,0,0
12/4/21,65+,Unknown,,10071,,8311,,2099,,0,
9/9/23,65+,"Other, non-Latinx",3206,8474,1,6963,1,4461,1,3175,1
5/7/22,30-49,Unknown,,31017,,25253,,7435,,0,
1/16/21,30-49,All,809519,34258,0,12617,0,0,0,0,0
5/6/23,65+,Latinx,71039,57825,0.8,53088,0.7,43054,0.6,27090,0.4
6/5/21,50-64,"White, non-Latinx",149921,102200,0.7,95688,0.6,0,0,0,0
10/29/22,0-4,"Other, non-Latinx",6925,867,0.1,390,0.1,0,0,0,0
6/10/23,65+,"Asian, non-Latinx",26955,20603,0.8,18983,0.7,15994,0.6,10599,0.4
1/1/22,50-64,"Asian, non-Latinx",27117,23998,0.9,22371,0.8,12205,0.4,0,0
9/9/23,18-29,Latinx,147161,134330,0.9,115929,0.8,45865,0.3,18794,0.1
9/3/22,30-49,"Asian, non-Latinx",64910,54610,0.8,50001,0.8,35289,0.5,14,0
4/8/23,65+,"Black, non-Latinx",125967,95818,0.8,88315,0.7,70462,0.6,50410,0.4
8/12/23,30-49,"White, non-Latinx",310259,242584,0.8,222271,0.7,155097,0.5,101928,0.3
8/20/22,0-4,"Other, non-Latinx",6925,560,0.1,105,0,0,0,0,0
4/9/22,18-29,"Asian, non-Latinx",41068,41948,1,35598,0.9,19598,0.5,0,0
12/4/21,65+,"White, non-Latinx",135462,99418,0.7,93971,0.7,60406,0.4,0,0
8/7/21,18-29,All,526788,320729,0.6,288593,0.5,0,0,0,0
1/28/23,30-49,Unknown,,33375,,25581,,7809,,4139,
5/6/23,0-4,"Other, non-Latinx",6925,1385,0.2,669,0.1,0,0,264,0
6/4/22,18-29,"Black, non-Latinx",139472,72203,0.5,60236,0.4,16584,0.1,0,0
12/3/22,30-49,All,809519,694623,0.9,624228,0.8,347128,0.4,145788,0.2
7/16/22,65+,"Asian, non-Latinx",26955,20103,0.7,18896,0.7,15832,0.6,0,0
11/27/21,50-64,"Other, non-Latinx",3063,12459,1,10911,1,1731,0.6,0,0
7/22/23,65+,"White, non-Latinx",135462,103919,0.8,97457,0.7,80738,0.6,65569,0.5
4/2/22,18-29,Latinx,147161,128467,0.9,113995,0.8,41249,0.3,0,0
11/27/21,65+,Latinx,71039,53452,0.8,50591,0.7,21536,0.3,0,0
5/28/22,0-4,Latinx,54903,0,0,0,0,0,0,0,0
5/28/22,0-4,"Black, non-Latinx",47946,0,0,0,0,0,0,0,0
5/28/22,0-4,"White, non-Latinx",42995,0,0,0,0,0,0,0,0
5/28/22,0-4,"Asian, non-Latinx",9998,0,0,0,0,0,0,0,0
5/28/22,0-4,"Other, non-Latinx",6925,0,0,0,0,0,0,0,0
5/28/22,0-4,Unknown,,0,,0,,0,,0,
5/28/22,0-4,All,162797,0,0,0,0,0,0,0,0
8/21/21,30-49,All,809519,560375,0.7,517131,0.6,1040,0,0,0
12/11/21,18-29,All,526788,379033,0.7,336733,0.6,58791,0.1,0,0
1/1/22,18-29,"Black, non-Latinx",139472,60264,0.4,49879,0.4,7795,0.1,0,0
4/9/22,18-29,"White, non-Latinx",187581,145972,0.8,126833,0.7,64618,0.3,0,0
8/14/21,65+,Unknown,,9187,,7793,,2,,0,
3/5/22,18-29,"White, non-Latinx",187581,145481,0.8,126461,0.7,63162,0.3,0,0
2/5/22,65+,"Asian, non-Latinx",26955,19714,0.7,18451,0.7,14429,0.5,0,0
2/5/22,18-29,"Asian, non-Latinx",41068,41154,1,35109,0.9,18040,0.4,0,0
3/6/21,50-64,"White, non-Latinx",149921,29355,0.2,16919,0.1,0,0,0,0
12/17/22,0-4,"White, non-Latinx",42995,11808,0.3,8694,0.2,14,0,171,0
1/28/23,17-Dec,"White, non-Latinx",35643,26407,0.7,24154,0.7,11967,0.3,6958,0.2
4/17/21,18-29,Latinx,147161,53021,0.4,30330,0.2,0,0,0,0
2/27/21,65+,"Black, non-Latinx",125967,36963,0.3,16359,0.1,0,0,0,0
1/7/23,0-4,"White, non-Latinx",42995,12031,0.3,8921,0.2,19,0,534,0
8/7/21,65+,Latinx,71039,50632,0.7,47994,0.7,0,0,0,0
3/27/21,30-49,"Other, non-Latinx",10186,6854,0.7,3724,0.4,0,0,0,0
6/3/23,50-64,"White, non-Latinx",149921,119990,0.8,112922,0.8,82706,0.6,55694,0.4
2/19/22,30-49,"Black, non-Latinx",197825,126048,0.6,112661,0.6,38955,0.2,0,0
7/31/21,30-49,"Other, non-Latinx",10186,20782,1,18538,1,0,0,0,0
3/12/22,50-64,Latinx,114048,105284,0.9,98574,0.9,61615,0.5,0,0
12/4/21,50-64,"Black, non-Latinx",145449,111306,0.8,103632,0.7,27241,0.2,0,0
8/21/21,50-64,"Asian, non-Latinx",27117,22309,0.8,21247,0.8,37,0,0,0
11/27/21,50-64,"White, non-Latinx",149921,113482,0.8,107927,0.7,39906,0.3,0,0
7/23/22,18-29,"White, non-Latinx",187581,146971,0.8,127448,0.7,67226,0.4,0,0
6/11/22,18-29,"Black, non-Latinx",139472,72327,0.5,60358,0.4,16713,0.1,0,0
8/28/21,50-64,"Asian, non-Latinx",27117,22409,0.8,21360,0.8,93,0,0,0
2/4/23,65+,"Black, non-Latinx",125967,95576,0.8,88277,0.7,70443,0.6,47053,0.4
2/12/22,18-29,Latinx,147161,126423,0.9,110400,0.8,36650,0.2,0,0
9/3/22,50-64,"White, non-Latinx",149921,118487,0.8,112821,0.8,82642,0.6,65,0
7/30/22,30-49,All,809519,682907,0.8,621767,0.8,344109,0.4,0,0
9/24/22,0-4,"White, non-Latinx",42995,9798,0.2,5309,0.1,7,0,0,0
6/4/22,0-4,Latinx,54903,0,0,0,0,0,0,0,0
6/4/22,0-4,"Black, non-Latinx",47946,0,0,0,0,0,0,0,0
6/4/22,0-4,"White, non-Latinx",42995,0,0,0,0,0,0,0,0
6/4/22,0-4,"Asian, non-Latinx",9998,0,0,0,0,0,0,0,0
6/4/22,0-4,"Other, non-Latinx",6925,0,0,0,0,0,0,0,0
6/4/22,0-4,Unknown,,0,,0,,0,,0,
6/4/22,0-4,All,162797,0,0,0,0,0,0,0,0
3/19/22,65+,Latinx,71039,55689,0.8,52101,0.7,39215,0.6,0,0
9/9/23,0-4,Unknown,,3017,,1977,,7,,1237,
1/16/21,50-64,"White, non-Latinx",149921,6937,0,2164,0,0,0,0,0
3/19/22,65+,"Black, non-Latinx",125967,91724,0.7,86588,0.7,63894,0.5,0,0
1/23/21,50-64,"Black, non-Latinx",145449,6019,0,1297,0,0,0,0,0
5/27/23,0-4,Unknown,,2870,,1977,,7,,852,
4/29/23,0-4,"White, non-Latinx",42995,13052,0.3,9551,0.2,34,0,3200,0.1
6/12/21,30-49,"White, non-Latinx",310259,204637,0.7,194032,0.6,0,0,0,0
2/11/23,18-29,"Asian, non-Latinx",41068,44111,1,35962,0.9,20839,0.5,9362,0.2
7/17/21,18-29,All,526788,308096,0.6,279463,0.5,0,0,0,0
9/3/22,65+,"Black, non-Latinx",125967,92753,0.7,88053,0.7,70175,0.6,21,0
12/3/22,30-49,Latinx,226340,201426,0.9,181395,0.8,90462,0.4,24687,0.1
1/22/22,65+,"White, non-Latinx",135462,100594,0.7,94724,0.7,73941,0.5,0,0
11/20/21,65+,"Other, non-Latinx",3206,7337,1,6428,1,2161,0.7,0,0
1/30/21,18-29,"White, non-Latinx",187581,14500,0.1,6533,0,0,0,0,0
9/11/21,50-64,"Black, non-Latinx",145449,103307,0.7,94595,0.6,668,0,0,0
1/14/23,50-64,All,439599,405073,0.9,372324,0.8,246823,0.6,124292,0.3
12/10/22,18-29,Unknown,,20977,,15070,,3617,,2018,
2/27/21,50-64,"White, non-Latinx",149921,25317,0.2,13605,0.1,0,0,0,0
4/23/22,50-64,All,439599,395244,0.9,367709,0.8,233189,0.5,0,0
5/15/21,65+,All,362629,245035,0.7,223758,0.6,0,0,0,0
9/17/22,18-29,Unknown,,19738,,15012,,3608,,210,
8/14/21,30-49,All,809519,554929,0.7,512415,0.6,83,0,0,0
10/8/22,30-49,"Other, non-Latinx",10186,31011,1,25962,1,9764,1,1461,0.1
1/15/22,65+,Latinx,71039,54992,0.8,51490,0.7,34871,0.5,0,0
12/11/21,30-49,"Other, non-Latinx",10186,27428,1,23721,1,4370,0.4,0,0
5/22/21,30-49,Latinx,226340,135540,0.6,114288,0.5,0,0,0,0
4/29/23,50-64,"Other, non-Latinx",3063,14433,1,11890,1,5464,1,2814,0.9
6/3/23,18-29,"Black, non-Latinx",139472,77013,0.6,63418,0.5,18451,0.1,8489,0.1
5/15/21,50-64,"Other, non-Latinx",3063,8045,1,6226,1,0,0,0,0
5/14/22,50-64,"Other, non-Latinx",3063,13850,1,11748,1,5142,1,0,0
6/11/22,0-4,Latinx,54903,0,0,0,0,0,0,0,0
6/11/22,0-4,"Black, non-Latinx",47946,0,0,0,0,0,0,0,0
6/11/22,0-4,"White, non-Latinx",42995,0,0,0,0,0,0,0,0
6/11/22,0-4,"Asian, non-Latinx",9998,0,0,0,0,0,0,0,0
6/11/22,0-4,"Other, non-Latinx",6925,0,0,0,0,0,0,0,0
6/11/22,0-4,Unknown,,0,,0,,0,,0,
6/11/22,0-4,All,162797,0,0,0,0,0,0,0,0
1/14/23,50-64,"White, non-Latinx",149921,119788,0.8,112899,0.8,82701,0.6,52335,0.3
3/25/23,50-64,Unknown,,16623,,12789,,4706,,2161,
6/5/21,65+,"Black, non-Latinx",125967,79438,0.6,72955,0.6,0,0,0,0
4/22/23,0-4,"Other, non-Latinx",6925,1370,0.2,669,0.1,0,0,221,0
7/10/21,18-29,"Other, non-Latinx",11506,13082,1,11335,1,0,0,0,0
4/16/22,30-49,"Black, non-Latinx",197825,128143,0.6,115992,0.6,43361,0.2,0,0
9/10/22,65+,"Black, non-Latinx",125967,92782,0.7,88066,0.7,70197,0.6,1085,0
9/18/21,65+,"White, non-Latinx",135462,95525,0.7,91792,0.7,4645,0,0,0
1/7/23,30-49,"White, non-Latinx",310259,241829,0.8,222150,0.7,155085,0.5,94266,0.3
7/17/21,50-64,"Asian, non-Latinx",27117,21747,0.8,20673,0.8,0,0,0,0
9/16/23,65+,Latinx,71039,57974,0.8,53089,0.7,43060,0.6,28451,0.4
5/6/23,65+,Unknown,,11875,,8874,,4149,,2201,
1/14/23,50-64,"Other, non-Latinx",3063,14362,1,11873,1,5462,1,2494,0.8
12/25/21,30-49,All,809519,636652,0.8,584364,0.7,223136,0.3,0,0
10/8/22,30-49,All,809519,688389,0.8,623340,0.8,346994,0.4,65127,0.1
10/9/21,30-49,"Asian, non-Latinx",64910,49502,0.8,47192,0.7,2339,0,0,0
4/22/23,65+,"Black, non-Latinx",125967,95854,0.8,88321,0.7,70467,0.6,50906,0.4
6/10/23,50-64,"White, non-Latinx",149921,119993,0.8,112922,0.8,82706,0.6,55734,0.4
1/15/22,50-64,Latinx,114048,103297,0.9,96547,0.8,49600,0.4,0,0
4/29/23,50-64,"Asian, non-Latinx",27117,25812,1,23214,0.9,17232,0.6,8779,0.3
1/1/22,50-64,Latinx,114048,102077,0.9,96011,0.8,42263,0.4,0,0
4/10/21,18-29,Unknown,,7457,,3943,,0,,0,
3/12/22,18-29,Unknown,,18970,,14783,,3275,,0,
9/11/21,50-64,"Other, non-Latinx",3063,11115,1,9721,1,68,0,0,0
5/15/21,50-64,"Black, non-Latinx",145449,81661,0.6,67521,0.5,0,0,0,0
8/28/21,30-49,All,809519,566002,0.7,522696,0.6,1944,0,0,0
7/16/22,0-4,"White, non-Latinx",42995,5383,0.1,1,0,0,0,0,0
1/9/21,18-29,Unknown,,1257,,333,,0,,0,
7/23/22,65+,Latinx,71039,56409,0.8,52818,0.7,42335,0.6,0,0
6/18/22,0-4,Latinx,54903,0,0,0,0,0,0,0,0
6/18/22,0-4,"Black, non-Latinx",47946,0,0,0,0,0,0,0,0
6/18/22,0-4,"White, non-Latinx",42995,0,0,0,0,0,0,0,0
6/18/22,0-4,"Asian, non-Latinx",9998,0,0,0,0,0,0,0,0
6/18/22,0-4,"Other, non-Latinx",6925,0,0,0,0,0,0,0,0
6/18/22,0-4,Unknown,,0,,0,,0,,0,
6/18/22,0-4,All,162797,0,0,0,0,0,0,0,0
7/22/23,30-49,"Asian, non-Latinx",64910,55939,0.9,50104,0.8,35304,0.5,19586,0.3
5/21/22,18-29,"Black, non-Latinx",139472,71895,0.5,60032,0.4,16339,0.1,0,0
8/26/23,50-64,Unknown,,16755,,12793,,4707,,2372,
5/28/22,65+,Unknown,,10932,,8774,,3923,,0,
2/12/22,18-29,"White, non-Latinx",187581,144847,0.8,125805,0.7,61446,0.3,0,0
5/7/22,30-49,"Black, non-Latinx",197825,128562,0.6,116494,0.6,44433,0.2,0,0
3/26/22,50-64,"White, non-Latinx",149921,117454,0.8,110828,0.7,78740,0.5,0,0
5/13/23,50-64,"Other, non-Latinx",3063,14440,1,11890,1,5464,1,2836,0.9
2/20/21,18-29,"White, non-Latinx",187581,22031,0.1,12418,0.1,0,0,0,0
8/28/21,50-64,Unknown,,12313,,10724,,20,,0,
1/22/22,30-49,"Asian, non-Latinx",64910,53316,0.8,49019,0.8,30354,0.5,0,0
12/3/22,18-29,Latinx,147161,131948,0.9,115575,0.8,45816,0.3,10240,0.1
6/17/23,50-64,"Other, non-Latinx",3063,14459,1,11890,1,5465,1,2879,0.9
10/30/21,18-29,"White, non-Latinx",187581,129429,0.7,120266,0.6,7734,0,0,0
4/10/21,50-64,"Other, non-Latinx",3063,5245,1,2925,1,0,0,0,0
7/8/23,30-49,Unknown,,33738,,25615,,7813,,4637,
1/21/23,65+,"Other, non-Latinx",3206,8414,1,6960,1,4457,1,2807,0.9
11/19/22,65+,Latinx,71039,57324,0.8,53038,0.7,43035,0.6,16651,0.2
10/30/21,30-49,Unknown,,25255,,22281,,1245,,0,
1/7/23,30-49,Unknown,,33255,,25571,,7807,,3944,
2/11/23,50-64,"Asian, non-Latinx",27117,25749,1,23209,0.9,17232,0.6,8243,0.3
8/27/22,18-29,Unknown,,19585,,14996,,3600,,0,
12/25/21,50-64,Unknown,,14087,,11866,,2650,,0,
8/21/21,18-29,"Asian, non-Latinx",41068,34221,0.8,31634,0.8,24,0,0,0
9/9/23,18-29,"Asian, non-Latinx",41068,44307,1,35976,0.9,20845,0.5,10269,0.2
10/8/22,30-49,"White, non-Latinx",310259,239287,0.8,221983,0.7,155049,0.5,40892,0.1
5/6/23,18-29,Unknown,,21468,,15097,,3620,,2630,
8/5/23,0-4,"Asian, non-Latinx",9998,2979,0.3,1557,0.2,6,0,1185,0.1
5/7/22,18-29,Latinx,147161,129069,0.9,114415,0.8,42516,0.3,0,0
7/10/21,30-49,"Other, non-Latinx",10186,19878,1,17869,1,0,0,0,0
9/2/23,50-64,"Black, non-Latinx",145449,121323,0.8,112014,0.8,69272,0.5,38815,0.3
8/19/23,65+,All,362629,298950,0.8,273691,0.8,218894,0.6,163052,0.4
9/17/22,30-49,"Other, non-Latinx",10186,30855,1,25949,1,9756,1,490,0
12/31/22,65+,Latinx,71039,57551,0.8,53059,0.7,43040,0.6,21751,0.3
11/19/22,0-4,Unknown,,2375,,1628,,5,,0,
3/27/21,65+,"Other, non-Latinx",3206,4299,1,2767,0.9,0,0,0,0
9/17/22,30-49,"White, non-Latinx",310259,238289,0.8,221929,0.7,155035,0.5,15630,0
5/1/21,11-May,All,210448,0,0,0,0,0,0,0,0
7/16/22,17-Dec,"White, non-Latinx",35643,26112,0.7,24055,0.7,11367,0.3,0,0
5/14/22,11-May,"Other, non-Latinx",6225,3622,0.6,3025,0.5,3,0,0,0
3/26/22,17-Dec,All,180859,142421,0.8,127129,0.7,31808,0.2,0,0
4/22/23,18-29,"Asian, non-Latinx",41068,44210,1,35975,0.9,20843,0.5,9879,0.2
5/29/21,50-64,All,439599,314037,0.7,280306,0.6,0,0,0,0
8/13/22,65+,"Black, non-Latinx",125967,92684,0.7,87983,0.7,69803,0.6,0,0
7/8/23,50-64,Latinx,114048,108630,1,99809,0.9,67538,0.6,34178,0.3
12/17/22,30-49,Unknown,,33106,,25554,,7803,,3676,
7/1/23,65+,Latinx,71039,57894,0.8,53089,0.7,43056,0.6,27873,0.4
7/31/21,18-29,"Black, non-Latinx",139472,39248,0.3,32807,0.2,0,0,0,0
2/26/22,18-29,Unknown,,18846,,14712,,3220,,0,
4/8/23,0-4,Latinx,54903,8169,0.1,3188,0.1,28,0,1113,0
5/28/22,18-29,"Asian, non-Latinx",41068,42178,1,35723,0.9,20215,0.5,0,0
6/26/21,18-29,"Other, non-Latinx",11506,12684,1,10874,0.9,0,0,0,0
1/23/21,50-64,Unknown,,1065,,337,,0,,0,
12/24/22,30-49,All,809519,696001,0.9,624492,0.8,347184,0.4,161875,0.2
12/10/22,18-29,"Black, non-Latinx",139472,75418,0.5,62596,0.4,18419,0.1,5004,0
7/16/22,0-4,Unknown,,954,,0,,0,,0,
7/10/21,50-64,"Other, non-Latinx",3063,9585,1,8551,1,0,0,0,0
9/24/22,18-29,"Other, non-Latinx",11506,22320,1,17364,1,5038,0.4,289,0
2/20/21,30-49,"Black, non-Latinx",197825,12989,0.1,5796,0,0,0,0,0
5/21/22,50-64,All,439599,396343,0.9,368953,0.8,237197,0.5,0,0
4/29/23,65+,"Black, non-Latinx",125967,95874,0.8,88321,0.7,70469,0.6,51172,0.4
10/2/21,65+,Unknown,,9441,,8011,,157,,0,
6/3/23,65+,"Asian, non-Latinx",26955,20593,0.8,18983,0.7,15994,0.6,10555,0.4
2/11/23,30-49,"Other, non-Latinx",10186,31587,1,26039,1,9773,1,4333,0.4
2/26/22,17-Dec,"Black, non-Latinx",57964,31923,0.6,26942,0.5,3707,0.1,0,0
12/17/22,11-May,"White, non-Latinx",43777,27680,0.6,25820,0.6,8389,0.2,6158,0.1
4/29/23,30-49,Unknown,,33636,,25613,,7812,,4487,
9/4/21,65+,Unknown,,9304,,7890,,25,,0,
12/24/22,0-4,"Asian, non-Latinx",9998,2417,0.2,1399,0.1,4,0,40,0
1/29/22,50-64,"Asian, non-Latinx",27117,24504,0.9,22569,0.8,15147,0.6,0,0
3/6/21,30-49,All,809519,133156,0.2,74037,0.1,0,0,0,0
7/9/22,30-49,Latinx,226340,198448,0.9,180783,0.8,88723,0.4,0,0
7/8/23,50-64,"Asian, non-Latinx",27117,25889,1,23214,0.9,17232,0.6,8987,0.3
5/13/23,65+,"Black, non-Latinx",125967,95910,0.8,88322,0.7,70472,0.6,51602,0.4
8/12/23,18-29,"Asian, non-Latinx",41068,44295,1,35976,0.9,20845,0.5,10216,0.2
7/31/21,18-29,"Asian, non-Latinx",41068,33368,0.8,31070,0.8,0,0,0,0
2/27/21,30-49,"Asian, non-Latinx",64910,10243,0.2,6958,0.1,0,0,0,0
5/1/21,18-29,All,526788,241953,0.5,159249,0.3,0,0,0,0
4/16/22,18-29,"Black, non-Latinx",139472,71172,0.5,59355,0.4,15612,0.1,0,0
11/6/21,30-49,All,809519,609571,0.8,566826,0.7,63864,0.1,0,0
5/6/23,50-64,"Black, non-Latinx",145449,121116,0.8,112010,0.8,69251,0.5,37341,0.3
2/5/22,65+,All,362629,285489,0.8,266279,0.7,194793,0.5,0,0
4/22/23,30-49,"Asian, non-Latinx",64910,55867,0.9,50103,0.8,35303,0.5,19162,0.3
5/1/21,30-49,Latinx,226340,121437,0.5,87473,0.4,0,0,0,0
10/30/21,18-29,"Other, non-Latinx",11506,17668,1,14797,1,474,0,0,0
2/20/21,30-49,All,809519,98733,0.1,47022,0.1,0,0,0,0
5/1/21,65+,"Asian, non-Latinx",26955,16649,0.6,14747,0.5,0,0,0,0
2/19/22,65+,Unknown,,10693,,8644,,3582,,0,
8/20/22,50-64,"Asian, non-Latinx",27117,25205,0.9,23142,0.9,17196,0.6,0,0
7/3/21,50-64,Latinx,114048,90535,0.8,85033,0.7,0,0,0,0
8/12/23,65+,"Black, non-Latinx",125967,96025,0.8,88324,0.7,70492,0.6,52780,0.4
2/27/21,50-64,Latinx,114048,19307,0.2,5429,0,0,0,0,0
4/23/22,50-64,"Black, non-Latinx",145449,117875,0.8,110177,0.8,63513,0.4,0,0
7/22/23,18-29,"Black, non-Latinx",139472,77304,0.6,63426,0.5,18456,0.1,9156,0.1
12/3/22,50-64,All,439599,403822,0.9,372143,0.8,246753,0.6,103038,0.2
4/23/22,30-49,Unknown,,30938,,25225,,7397,,0,
5/22/21,17-Dec,"Asian, non-Latinx",8804,3428,0.4,983,0.1,0,0,0,0
5/27/23,11-May,All,210448,119841,0.6,103924,0.5,21246,0.1,21845,0.1
4/30/22,65+,Latinx,71039,55908,0.8,52343,0.7,40429,0.6,0,0
11/5/22,50-64,"Black, non-Latinx",145449,119943,0.8,111634,0.8,69124,0.5,18635,0.1
7/16/22,30-49,Latinx,226340,198552,0.9,180834,0.8,88998,0.4,0,0
2/27/21,18-29,All,526788,51800,0.1,29872,0.1,0,0,0,0
1/8/22,17-Dec,"Black, non-Latinx",57964,27910,0.5,22878,0.4,1099,0,0,0
5/21/22,30-49,Unknown,,31093,,25278,,7482,,0,
7/29/23,65+,"Asian, non-Latinx",26955,20621,0.8,18983,0.7,15994,0.6,10700,0.4
6/4/22,30-49,Latinx,226340,198071,0.9,180534,0.8,87659,0.4,0,0
1/7/23,50-64,Unknown,,16511,,12780,,4706,,1923,
1/30/21,50-64,Latinx,114048,4799,0,1211,0,0,0,0,0
5/29/21,65+,"Black, non-Latinx",125967,78816,0.6,72100,0.6,0,0,0,0
9/10/22,65+,Latinx,71039,56641,0.8,52987,0.7,42961,0.6,708,0
9/24/22,65+,"White, non-Latinx",135462,102337,0.8,97383,0.7,80694,0.6,18331,0.1
2/12/22,18-29,All,526788,421229,0.8,358093,0.7,137203,0.3,0,0
6/3/23,30-49,All,809519,701062,0.9,625686,0.8,347284,0.4,190879,0.2
9/11/21,30-49,"White, non-Latinx",310259,216145,0.7,206184,0.7,2051,0,0,0
12/31/22,11-May,Unknown,,3942,,3046,,669,,481,
4/30/22,65+,All,362629,288060,0.8,269924,0.7,208078,0.6,0,0
7/2/22,30-49,"Asian, non-Latinx",64910,54451,0.8,49917,0.8,34927,0.5,0,0
1/7/23,0-4,"Other, non-Latinx",6925,1124,0.2,566,0.1,0,0,23,0
10/16/21,65+,Unknown,,9510,,8079,,328,,0,
11/13/21,65+,Latinx,71039,53020,0.7,50266,0.7,15985,0.2,0,0
6/19/21,18-29,All,526788,294622,0.6,262320,0.5,0,0,0,0
6/11/22,30-49,"Asian, non-Latinx",64910,54395,0.8,49871,0.8,34729,0.5,0,0
11/26/22,0-4,"Other, non-Latinx",6925,974,0.1,480,0.1,0,0,0,0
7/30/22,18-29,"Other, non-Latinx",11506,22142,1,17304,1,4966,0.4,0,0
4/29/23,18-29,"Asian, non-Latinx",41068,44221,1,35975,0.9,20843,0.5,9919,0.2
2/27/21,30-49,"Other, non-Latinx",10186,3504,0.3,2055,0.2,0,0,0,0
4/23/22,65+,Latinx,71039,55866,0.8,52301,0.7,40212,0.6,0,0
12/11/21,30-49,Unknown,,26979,,23051,,3760,,0,
2/19/22,65+,"White, non-Latinx",135462,100856,0.7,95090,0.7,75940,0.6,0,0
1/8/22,65+,"Black, non-Latinx",125967,90404,0.7,85156,0.7,55688,0.4,0,0
2/20/21,30-49,"White, non-Latinx",310259,46134,0.1,22702,0.1,0,0,0,0
5/14/22,11-May,Latinx,83432,45924,0.6,40218,0.5,200,0,0,0
4/3/21,30-49,Latinx,226340,81461,0.4,40394,0.2,0,0,0,0
8/6/22,18-29,"Asian, non-Latinx",41068,42403,1,35829,0.9,20704,0.5,0,0
8/28/21,18-29,"Asian, non-Latinx",41068,34475,0.8,31854,0.8,56,0,0,0
3/13/21,30-49,Latinx,226340,44411,0.2,19458,0.1,0,0,0,0
7/30/22,30-49,"Black, non-Latinx",197825,129957,0.7,117865,0.6,47643,0.2,0,0
1/23/21,65+,Latinx,71039,3218,0,200,0,0,0,0,0
8/13/22,65+,Latinx,71039,56530,0.8,52926,0.7,42683,0.6,0,0
1/28/23,30-49,"Black, non-Latinx",197825,132723,0.7,119511,0.6,48766,0.2,19123,0.1
3/12/22,30-49,Latinx,226340,196503,0.9,179249,0.8,82992,0.4,0,0
10/23/21,65+,"Asian, non-Latinx",26955,18746,0.7,17874,0.7,3330,0.1,0,0
6/5/21,30-49,"Other, non-Latinx",10186,18252,1,15610,1,0,0,0,0
2/12/22,18-29,Unknown,,18635,,14548,,3127,,0,
5/20/23,30-49,All,809519,700786,0.9,625681,0.8,347279,0.4,190018,0.2
8/12/23,30-49,"Black, non-Latinx",197825,134005,0.7,119968,0.6,48798,0.2,23732,0.1
1/8/22,50-64,All,439599,384771,0.9,357164,0.8,182759,0.4,0,0
7/2/22,18-29,"Other, non-Latinx",11506,22078,1,17259,1,4902,0.4,0,0
5/27/23,30-49,"Asian, non-Latinx",64910,55908,0.9,50103,0.8,35304,0.5,19408,0.3
5/13/23,0-4,"Other, non-Latinx",6925,1393,0.2,669,0.1,0,0,286,0
9/24/22,18-29,"White, non-Latinx",187581,147917,0.8,127670,0.7,67792,0.4,6027,0
7/23/22,30-49,"Black, non-Latinx",197825,129869,0.7,117769,0.6,47406,0.2,0,0
11/13/21,18-29,Latinx,147161,110578,0.8,100551,0.7,4765,0,0,0
1/8/22,18-29,"Asian, non-Latinx",41068,39465,1,34594,0.8,14291,0.3,0,0
3/5/22,65+,"Other, non-Latinx",3206,7868,1,6719,1,3941,1,0,0
12/25/21,30-49,"White, non-Latinx",310259,230788,0.7,216581,0.7,119643,0.4,0,0
6/12/21,30-49,"Black, non-Latinx",197825,74177,0.4,63415,0.3,0,0,0,0
4/29/23,50-64,All,439599,406403,0.9,372633,0.8,246891,0.6,139362,0.3
12/31/22,0-4,"Other, non-Latinx",6925,1108,0.2,556,0.1,0,0,11,0
2/26/22,30-49,"Black, non-Latinx",197825,126497,0.6,113577,0.6,39780,0.2,0,0
7/23/22,18-29,"Black, non-Latinx",139472,73107,0.5,61032,0.4,17617,0.1,0,0
10/23/21,18-29,Latinx,147161,108684,0.7,98646,0.7,1724,0,0,0
2/18/23,11-May,Latinx,83432,50169,0.6,43666,0.5,7059,0.1,5891,0.1
4/3/21,50-64,Unknown,,6357,,3339,,0,,0,
12/24/22,65+,"Other, non-Latinx",3206,8400,1,6959,1,4457,1,2620,0.8
3/27/21,65+,"White, non-Latinx",135462,78259,0.6,57682,0.4,0,0,0,0
5/27/23,50-64,Latinx,114048,108552,1,99808,0.9,67534,0.6,33671,0.3
4/29/23,50-64,Latinx,114048,108460,1,99804,0.9,67532,0.6,33041,0.3
3/18/23,0-4,Latinx,54903,7936,0.1,3116,0.1,25,0,922,0
12/25/21,65+,"Other, non-Latinx",3206,7624,1,6552,1,3255,1,0,0
10/23/21,65+,"Other, non-Latinx",3206,7088,1,6250,1,906,0.3,0,0
11/20/21,18-29,"White, non-Latinx",187581,131859,0.7,121308,0.6,16886,0.1,0,0
5/1/21,30-49,"Other, non-Latinx",10186,15110,1,9868,1,0,0,0,0
4/8/23,50-64,All,439599,406179,0.9,372600,0.8,246883,0.6,137688,0.3
11/19/22,65+,All,362629,295826,0.8,273461,0.8,218734,0.6,114890,0.3
2/18/23,50-64,All,439599,405627,0.9,372457,0.8,246855,0.6,131844,0.3
3/27/21,50-64,"Asian, non-Latinx",27117,10331,0.4,4908,0.2,0,0,0,0
1/1/22,65+,"Other, non-Latinx",3206,7666,1,6569,1,3358,1,0,0
4/10/21,30-49,"White, non-Latinx",310259,159014,0.5,84235,0.3,0,0,0,0
4/23/22,50-64,"White, non-Latinx",149921,117686,0.8,111421,0.7,79868,0.5,0,0
5/22/21,50-64,"Other, non-Latinx",3063,8386,1,6809,1,0,0,0,0
8/28/21,18-29,Latinx,147161,100116,0.7,89375,0.6,99,0,0,0
5/21/22,18-29,"Asian, non-Latinx",41068,42146,1,35704,0.9,20140,0.5,0,0
4/29/23,65+,Latinx,71039,57809,0.8,53088,0.7,43054,0.6,26919,0.4
5/1/21,18-29,Unknown,,11277,,6579,,0,,0,
4/30/22,30-49,"White, non-Latinx",310259,236891,0.8,221048,0.7,151611,0.5,0,0
4/23/22,65+,All,362629,287830,0.8,269588,0.7,207104,0.6,0,0
11/19/22,30-49,"Other, non-Latinx",10186,31304,1,25990,1,9766,1,3142,0.3
1/8/22,65+,"Other, non-Latinx",3206,7705,1,6593,1,3478,1,0,0
8/5/23,18-29,"Black, non-Latinx",139472,77386,0.6,63427,0.5,18457,0.1,9347,0.1
2/4/23,30-49,"White, non-Latinx",310259,242045,0.8,222203,0.7,155089,0.5,97235,0.3
9/2/23,18-29,"Other, non-Latinx",11506,23230,1,17483,1,5047,0.4,2539,0.2
9/3/22,50-64,Unknown,,15790,,12748,,4694,,3,
3/13/21,30-49,"White, non-Latinx",310259,68402,0.2,43424,0.1,0,0,0,0
1/8/22,65+,All,362629,283221,0.8,264483,0.7,180990,0.5,0,0
4/22/23,50-64,"White, non-Latinx",149921,119931,0.8,112922,0.8,82704,0.6,55242,0.4
5/1/21,18-29,"Other, non-Latinx",11506,9601,0.8,5517,0.5,0,0,0,0
5/7/22,30-49,"Other, non-Latinx",10186,30459,1,25750,1,9321,0.9,0,0
11/6/21,17-Dec,Latinx,76627,56904,0.7,50858,0.7,165,0,0,0
2/13/21,30-49,"Black, non-Latinx",197825,11638,0.1,4604,0,0,0,0,0
6/18/22,30-49,All,809519,681095,0.8,620400,0.8,339558,0.4,0,0
7/2/22,50-64,"White, non-Latinx",149921,118173,0.8,112420,0.8,81706,0.5,0,0
4/1/23,50-64,Latinx,114048,108366,1,99795,0.9,67530,0.6,32289,0.3
4/15/23,30-49,"White, non-Latinx",310259,242331,0.8,222266,0.7,155096,0.5,100261,0.3
9/4/21,18-29,"Other, non-Latinx",11506,15654,1,13054,1,30,0,0,0
3/11/23,65+,"Other, non-Latinx",3206,8426,1,6962,1,4457,1,2955,0.9
4/1/23,18-29,Latinx,147161,133266,0.9,115882,0.8,45850,0.3,16090,0.1
7/31/21,18-29,Unknown,,14096,,12510,,0,,0,
3/19/22,18-29,"Asian, non-Latinx",41068,41761,1,35520,0.9,19281,0.5,0,0
1/21/23,30-49,Latinx,226340,202224,0.9,181498,0.8,90483,0.4,31779,0.1
9/25/21,65+,"Other, non-Latinx",3206,6797,1,6099,1,171,0.1,0,0
6/26/21,65+,All,362629,255703,0.7,240750,0.7,0,0,0,0
7/1/23,65+,"Asian, non-Latinx",26955,20609,0.8,18983,0.7,15994,0.6,10638,0.4
7/3/21,65+,"Other, non-Latinx",3206,6133,1,5537,1,0,0,0,0
5/6/23,50-64,Unknown,,16667,,12793,,4707,,2252,
12/10/22,30-49,"Black, non-Latinx",197825,132170,0.7,119200,0.6,48744,0.2,15589,0.1
5/20/23,0-4,"Asian, non-Latinx",9998,2824,0.3,1557,0.2,6,0,803,0.1
9/17/22,18-29,"Asian, non-Latinx",41068,42662,1,35887,0.9,20830,0.5,890,0
7/23/22,0-4,Unknown,,1151,,43,,0,,0,
8/27/22,65+,"White, non-Latinx",135462,101996,0.8,97350,0.7,80655,0.6,0,0
3/6/21,50-64,All,439599,88059,0.2,42321,0.1,0,0,0,0
9/3/22,18-29,All,526788,435829,0.8,372834,0.7,161366,0.3,58,0
1/15/22,30-49,Unknown,,29011,,23757,,6134,,0,
1/29/22,30-49,"White, non-Latinx",310259,234996,0.8,218754,0.7,143218,0.5,0,0
7/8/23,0-4,"White, non-Latinx",42995,13457,0.3,9555,0.2,36,0,4722,0.1
4/8/23,30-49,"Other, non-Latinx",10186,31666,1,26066,1,9777,1,4564,0.4
11/13/21,65+,"White, non-Latinx",135462,98607,0.7,93453,0.7,48356,0.4,0,0
5/22/21,65+,"Black, non-Latinx",125967,77993,0.6,70984,0.6,0,0,0,0
12/3/22,65+,Unknown,,11685,,8865,,4147,,1578,
8/19/23,65+,"Black, non-Latinx",125967,96031,0.8,88324,0.7,70492,0.6,52845,0.4
4/16/22,65+,"Black, non-Latinx",125967,91955,0.7,86942,0.7,65271,0.5,0,0
1/7/23,50-64,"Black, non-Latinx",145449,120567,0.8,111805,0.8,69201,0.5,31069,0.2
9/16/23,50-64,Unknown,,16771,,12793,,4707,,2390,
7/23/22,18-29,"Other, non-Latinx",11506,22131,1,17295,1,4953,0.4,0,0
7/2/22,65+,"White, non-Latinx",135462,101776,0.8,97064,0.7,79936,0.6,0,0
7/3/21,18-29,"White, non-Latinx",187581,119380,0.6,110622,0.6,0,0,0,0
3/18/23,65+,"Other, non-Latinx",3206,8428,1,6962,1,4457,1,2965,0.9
7/2/22,50-64,"Other, non-Latinx",3063,13949,1,11811,1,5308,1,0,0
5/27/23,65+,"Black, non-Latinx",125967,95944,0.8,88322,0.7,70474,0.6,51888,0.4
6/19/21,65+,Latinx,71039,49248,0.7,46347,0.7,0,0,0,0
7/17/21,18-29,"White, non-Latinx",187581,120502,0.6,111983,0.6,0,0,0,0
4/17/21,65+,"Asian, non-Latinx",26955,15863,0.6,13244,0.5,0,0,0,0
10/22/22,30-49,Latinx,226340,200423,0.9,181269,0.8,90433,0.4,13721,0.1
11/12/22,18-29,"Black, non-Latinx",139472,75040,0.5,62385,0.4,18411,0.1,3652,0
2/25/23,65+,Unknown,,11821,,8871,,4149,,2036,
3/11/23,18-29,"White, non-Latinx",187581,152096,0.8,127859,0.7,67838,0.4,35504,0.2
9/10/22,30-49,Latinx,226340,199182,0.9,181125,0.8,90391,0.4,1076,0
10/15/22,18-29,All,526788,440489,0.8,373609,0.7,161486,0.3,26127,0
8/28/21,50-64,Latinx,114048,95311,0.8,89920,0.8,281,0,0,0
3/13/21,50-64,"Black, non-Latinx",145449,30058,0.2,14679,0.1,0,0,0,0
7/17/21,65+,"White, non-Latinx",135462,93012,0.7,89682,0.7,0,0,0,0
6/3/23,30-49,"Asian, non-Latinx",64910,55916,0.9,50103,0.8,35304,0.5,19436,0.3
7/30/22,65+,Unknown,,11110,,8826,,4066,,0,
7/29/23,65+,Latinx,71039,57923,0.8,53089,0.7,43057,0.6,28089,0.4
12/3/22,30-49,"Black, non-Latinx",197825,132065,0.7,119122,0.6,48728,0.2,14713,0.1
6/11/22,50-64,"Black, non-Latinx",145449,118414,0.8,110743,0.8,66087,0.5,0,0
8/26/23,30-49,Latinx,226340,204173,0.9,181669,0.8,90506,0.4,39655,0.2
1/8/22,18-29,All,526788,398083,0.8,343501,0.7,103787,0.2,0,0
11/5/22,30-49,Latinx,226340,200793,0.9,181319,0.8,90445,0.4,17796,0.1
2/4/23,50-64,"Asian, non-Latinx",27117,25741,0.9,23206,0.9,17232,0.6,8183,0.3
2/18/23,30-49,Latinx,226340,202608,0.9,181554,0.8,90492,0.4,34060,0.2
1/14/23,18-29,"Asian, non-Latinx",41068,44014,1,35955,0.9,20839,0.5,8957,0.2
3/13/21,30-49,"Black, non-Latinx",197825,21937,0.1,11769,0.1,0,0,0,0
9/24/22,18-29,"Black, non-Latinx",139472,74218,0.5,61922,0.4,18389,0.1,784,0
11/5/22,17-Dec,"Other, non-Latinx",3047,5338,1,4200,1,967,0.3,218,0.1
9/24/22,0-4,All,162797,20486,0.1,8636,0.1,16,0,0,0
2/4/23,50-64,"Black, non-Latinx",145449,120739,0.8,111859,0.8,69220,0.5,33424,0.2
7/30/22,65+,"Asian, non-Latinx",26955,20136,0.7,18919,0.7,15888,0.6,0,0
5/28/22,18-29,"Other, non-Latinx",11506,21997,1,17210,1,4804,0.4,0,0
5/29/21,30-49,Latinx,226340,139425,0.6,120490,0.5,0,0,0,0
3/5/22,65+,"Asian, non-Latinx",26955,19789,0.7,18529,0.7,14835,0.6,0,0
3/5/22,30-49,"Other, non-Latinx",10186,30190,1,25562,1,8872,0.9,0,0
3/20/21,18-29,"Asian, non-Latinx",41068,8437,0.2,5178,0.1,0,0,0,0
9/16/23,0-4,"Other, non-Latinx",6925,1568,0.2,669,0.1,0,0,618,0.1
9/17/22,18-29,"White, non-Latinx",187581,147656,0.8,127662,0.7,67790,0.4,3577,0
8/6/22,18-29,All,526788,434651,0.8,372013,0.7,159818,0.3,0,0
4/1/23,65+,Unknown,,11843,,8874,,4149,,2128,
8/26/23,18-29,Unknown,,21573,,15097,,3621,,2771,
7/24/21,18-29,"White, non-Latinx",187581,121130,0.6,112582,0.6,0,0,0,0
3/19/22,30-49,"Asian, non-Latinx",64910,54054,0.8,49658,0.8,33548,0.5,0,0
1/22/22,65+,Latinx,71039,55142,0.8,51575,0.7,35810,0.5,0,0
2/25/23,30-49,"Asian, non-Latinx",64910,55794,0.9,50090,0.8,35302,0.5,18586,0.3
8/13/22,50-64,"White, non-Latinx",149921,118414,0.8,112749,0.8,82469,0.6,0,0
4/30/22,18-29,All,526788,429754,0.8,368635,0.7,151465,0.3,0,0
10/23/21,50-64,"White, non-Latinx",149921,111159,0.7,106368,0.7,11878,0.1,0,0
7/15/23,30-49,All,809519,701752,0.9,625695,0.8,347290,0.4,193039,0.2
5/27/23,30-49,Latinx,226340,203540,0.9,181666,0.8,90503,0.4,38074,0.2
7/24/21,50-64,"Asian, non-Latinx",27117,21854,0.8,20820,0.8,0,0,0,0
12/24/22,18-29,"Other, non-Latinx",11506,22880,1,17426,1,5044,0.4,1855,0.2
4/1/23,65+,"Asian, non-Latinx",26955,20539,0.8,18983,0.7,15994,0.6,10156,0.4
5/20/23,18-29,"Asian, non-Latinx",41068,44248,1,35975,0.9,20843,0.5,10009,0.2
4/29/23,30-49,"Black, non-Latinx",197825,133428,0.7,119958,0.6,48786,0.2,21951,0.1
4/23/22,50-64,Latinx,114048,105694,0.9,98929,0.9,63868,0.6,0,0
4/17/21,30-49,Latinx,226340,104620,0.5,65421,0.3,0,0,0,0
2/25/23,0-4,All,162797,29927,0.2,17346,0.1,58,0,3782,0
1/28/23,18-29,All,526788,448873,0.9,374952,0.7,161604,0.3,68649,0.1
10/29/22,50-64,All,439599,402344,0.9,371964,0.8,246678,0.6,70746,0.2
1/29/22,65+,"Other, non-Latinx",3206,7802,1,6651,1,3759,1,0,0
6/25/22,65+,"White, non-Latinx",135462,101749,0.8,97025,0.7,79813,0.6,0,0
1/8/22,65+,Unknown,,10444,,8500,,3111,,0,
3/12/22,18-29,"Other, non-Latinx",11506,21712,1,17014,1,4477,0.4,0,0
4/17/21,17-Dec,"Other, non-Latinx",3047,162,0.1,23,0,0,0,0,0
8/20/22,18-29,Unknown,,19562,,14993,,3592,,0,
3/4/23,18-29,All,526788,449947,0.9,375318,0.7,161628,0.3,72049,0.1
2/5/22,30-49,Unknown,,30036,,24340,,6785,,0,
10/1/22,65+,Latinx,71039,56848,0.8,53004,0.7,42979,0.6,5012,0.1
8/7/21,18-29,"Other, non-Latinx",11506,14206,1,12089,1,0,0,0,0
1/30/21,18-29,"Black, non-Latinx",139472,1975,0,663,0,0,0,0,0
6/18/22,18-29,"Asian, non-Latinx",41068,42240,1,35766,0.9,20395,0.5,0,0
6/5/21,30-49,All,809519,502101,0.6,450440,0.6,0,0,0,0
5/7/22,65+,Unknown,,10857,,8746,,3858,,0,
2/11/23,65+,Latinx,71039,57661,0.8,53072,0.7,43047,0.6,24498,0.3
11/19/22,50-64,Latinx,114048,107606,0.9,99708,0.9,67496,0.6,19035,0.2
10/29/22,18-29,"Asian, non-Latinx",41068,43292,1,35931,0.9,20834,0.5,4823,0.1
7/23/22,65+,"White, non-Latinx",135462,101896,0.8,97222,0.7,80263,0.6,0,0
10/16/21,30-49,"White, non-Latinx",310259,219695,0.7,210274,0.7,13138,0,0,0
1/16/21,50-64,"Black, non-Latinx",145449,4627,0,731,0,0,0,0,0
2/12/22,18-29,"Other, non-Latinx",11506,21448,1,16701,1,4211,0.4,0,0
3/27/21,50-64,"Black, non-Latinx",145449,47257,0.3,21310,0.1,0,0,0,0
4/15/23,50-64,All,439599,406234,0.9,372617,0.8,246885,0.6,138244,0.3
5/6/23,65+,"Black, non-Latinx",125967,95893,0.8,88322,0.7,70469,0.6,51386,0.4
1/1/22,50-64,Unknown,,14278,,11925,,2895,,0,
7/1/23,50-64,Latinx,114048,108620,1,99809,0.9,67538,0.6,34126,0.3
2/27/21,65+,Latinx,71039,24969,0.4,8723,0.1,0,0,0,0
2/19/22,30-49,Unknown,,30399,,24738,,6996,,0,
3/13/21,18-29,All,526788,70352,0.1,41750,0.1,0,0,0,0
4/2/22,50-64,"Asian, non-Latinx",27117,24774,0.9,22799,0.8,16328,0.6,0,0
2/19/22,65+,All,362629,286143,0.8,267071,0.7,198470,0.5,0,0
12/17/22,65+,Latinx,71039,57484,0.8,53053,0.7,43039,0.6,20574,0.3
1/9/21,50-64,All,439599,12056,0,2111,0,0,0,0,0
11/20/21,50-64,"Other, non-Latinx",3063,12377,1,10867,1,1487,0.5,0,0
8/14/21,50-64,"Asian, non-Latinx",27117,22200,0.8,21138,0.8,4,0,0,0
5/1/21,50-64,"White, non-Latinx",149921,94823,0.6,76737,0.5,0,0,0,0
6/18/22,65+,"White, non-Latinx",135462,101718,0.8,96978,0.7,79683,0.6,0,0
7/9/22,50-64,"Asian, non-Latinx",27117,25102,0.9,23060,0.8,16996,0.6,0,0
1/30/21,50-64,All,439599,29876,0.1,9494,0,0,0,0,0
1/14/23,65+,"Black, non-Latinx",125967,95443,0.8,88265,0.7,70435,0.6,45197,0.4
10/22/22,0-4,"Other, non-Latinx",6925,825,0.1,352,0.1,0,0,0,0
4/1/23,18-29,"Black, non-Latinx",139472,76525,0.5,63312,0.5,18443,0.1,7456,0.1
11/5/22,50-64,Unknown,,16214,,12772,,4703,,1226,
3/12/22,65+,Unknown,,10747,,8682,,3684,,0,
11/19/22,50-64,"Other, non-Latinx",3063,14256,1,11865,1,5460,1,1804,0.6
4/16/22,30-49,"Other, non-Latinx",10186,30401,1,25708,1,9214,0.9,0,0
8/5/23,0-4,Latinx,54903,9122,0.2,3250,0.1,30,0,3048,0.1
1/29/22,30-49,"Asian, non-Latinx",64910,53506,0.8,49130,0.8,31311,0.5,0,0
6/24/23,30-49,"Other, non-Latinx",10186,31763,1,26070,1,9778,1,4768,0.5
7/15/23,50-64,"Black, non-Latinx",145449,121246,0.8,112014,0.8,69264,0.5,38370,0.3
11/12/22,0-4,"Other, non-Latinx",6925,921,0.1,440,0.1,0,0,0,0
3/6/21,18-29,"White, non-Latinx",187581,26826,0.1,17682,0.1,0,0,0,0
10/1/22,50-64,Unknown,,15943,,12763,,4698,,437,
2/18/23,30-49,"Other, non-Latinx",10186,31603,1,26043,1,9774,1,4372,0.4
8/26/23,18-29,"White, non-Latinx",187581,152494,0.8,127895,0.7,67845,0.4,37182,0.2
12/3/22,65+,"Asian, non-Latinx",26955,20448,0.8,18975,0.7,15994,0.6,7743,0.3
1/8/22,50-64,"Black, non-Latinx",145449,114071,0.8,105787,0.7,46925,0.3,0,0
9/9/23,65+,"Black, non-Latinx",125967,96053,0.8,88327,0.7,70495,0.6,53000,0.4
4/22/23,50-64,"Black, non-Latinx",145449,121065,0.8,112008,0.8,69251,0.5,36924,0.3
4/29/23,18-29,Latinx,147161,133451,0.9,115925,0.8,45853,0.3,16687,0.1
1/1/22,65+,"White, non-Latinx",135462,100164,0.7,94419,0.7,70128,0.5,0,0
11/20/21,18-29,All,526788,369476,0.7,331763,0.6,31026,0.1,0,0
5/1/21,65+,Latinx,71039,46164,0.6,40732,0.6,0,0,0,0
12/10/22,0-4,Latinx,54903,6441,0.1,2510,0,12,0,1,0
12/4/21,50-64,Latinx,114048,100391,0.9,95066,0.8,24995,0.2,0,0
4/22/23,65+,All,362629,298277,0.8,273685,0.8,218860,0.6,157485,0.4
5/20/23,0-4,"Black, non-Latinx",47946,3378,0.1,1060,0,4,0,587,0
5/13/23,18-29,"Black, non-Latinx",139472,76849,0.6,63411,0.5,18447,0.1,8116,0.1
5/13/23,50-64,Latinx,114048,108518,1,99805,0.9,67532,0.6,33397,0.3
3/26/22,30-49,"Other, non-Latinx",10186,30313,1,25654,1,9076,0.9,0,0
1/7/23,65+,"White, non-Latinx",135462,103623,0.8,97433,0.7,80733,0.6,61423,0.5
9/3/22,30-49,"White, non-Latinx",310259,237789,0.8,221900,0.7,155014,0.5,120,0
2/6/21,65+,"Black, non-Latinx",125967,20678,0.2,1955,0,0,0,0,0
7/3/21,30-49,"Asian, non-Latinx",64910,46415,0.7,43717,0.7,0,0,0,0
3/6/21,30-49,"Black, non-Latinx",197825,17954,0.1,9392,0,0,0,0,0
1/7/23,18-29,"White, non-Latinx",187581,151672,0.8,127812,0.7,67832,0.4,33149,0.2
11/19/22,18-29,All,526788,444697,0.8,374139,0.7,161542,0.3,48739,0.1
5/7/22,65+,"Asian, non-Latinx",26955,19941,0.7,18709,0.7,15385,0.6,0,0
2/12/22,65+,All,362629,285879,0.8,266743,0.7,196972,0.5,0,0
6/11/22,30-49,"White, non-Latinx",310259,237265,0.8,221427,0.7,153249,0.5,0,0
2/18/23,50-64,"Asian, non-Latinx",27117,25759,1,23211,0.9,17232,0.6,8338,0.3
11/27/21,18-29,All,526788,371867,0.7,333147,0.6,37760,0.1,0,0
4/29/23,30-49,"Asian, non-Latinx",64910,55885,0.9,50103,0.8,35303,0.5,19220,0.3
6/12/21,65+,"Asian, non-Latinx",26955,17645,0.7,16571,0.6,0,0,0,0
11/20/21,30-49,"White, non-Latinx",310259,224569,0.7,213550,0.7,57940,0.2,0,0
1/15/22,30-49,"Black, non-Latinx",197825,120588,0.6,106046,0.5,31276,0.2,0,0
6/4/22,65+,"White, non-Latinx",135462,101651,0.8,96861,0.7,79424,0.6,0,0
3/25/23,50-64,"Black, non-Latinx",145449,120964,0.8,111969,0.8,69244,0.5,36044,0.2
1/22/22,50-64,Unknown,,14764,,12130,,3667,,0,
8/12/23,30-49,Unknown,,33773,,25615,,7813,,4689,
10/22/22,0-4,"Asian, non-Latinx",9998,2035,0.2,996,0.1,3,0,0,0
4/1/23,30-49,Latinx,226340,203036,0.9,181637,0.8,90494,0.4,36279,0.2
6/17/23,30-49,"Other, non-Latinx",10186,31753,1,26070,1,9778,1,4751,0.5
8/6/22,18-29,"Other, non-Latinx",11506,22162,1,17314,1,4985,0.4,0,0
1/7/23,30-49,"Asian, non-Latinx",64910,55658,0.9,50078,0.8,35298,0.5,17338,0.3
8/27/22,65+,"Other, non-Latinx",3206,8124,1,6941,1,4432,1,0,0
5/7/22,18-29,"Asian, non-Latinx",41068,42064,1,35671,0.9,19962,0.5,0,0
5/21/22,50-64,Latinx,114048,105936,0.9,99125,0.9,64900,0.6,0,0
5/29/21,30-49,Unknown,,20774,,17317,,0,,0,
5/7/22,18-29,"Black, non-Latinx",139472,71595,0.5,59764,0.4,16048,0.1,0,0
6/10/23,65+,"Other, non-Latinx",3206,8451,1,6963,1,4460,1,3101,1
11/20/21,30-49,"Other, non-Latinx",10186,26680,1,23362,1,2512,0.2,0,0
12/26/20,50-64,"Other, non-Latinx",3063,113,0,0,0,0,0,0,0
1/7/23,30-49,Latinx,226340,202022,0.9,181471,0.8,90476,0.4,30193,0.1
6/17/23,30-49,Latinx,226340,203701,0.9,181668,0.8,90503,0.4,38497,0.2
5/22/21,65+,"Other, non-Latinx",3206,5751,1,5000,1,0,0,0,0
2/27/21,50-64,All,439599,72854,0.2,32489,0.1,0,0,0,0
12/31/22,65+,"Asian, non-Latinx",26955,20492,0.8,18979,0.7,15994,0.6,8845,0.3
1/2/21,18-29,All,526788,9805,0,0,0,0,0,0,0
3/25/23,18-29,"Black, non-Latinx",139472,76465,0.5,63270,0.5,18441,0.1,7362,0.1
4/23/22,50-64,Unknown,,15333,,12590,,4363,,0,
6/3/23,0-4,All,162797,32419,0.2,18064,0.1,81,0,8871,0.1
11/26/22,65+,"Other, non-Latinx",3206,8361,1,6956,1,4455,1,2267,0.7
3/6/21,30-49,"Asian, non-Latinx",64910,11436,0.2,7904,0.1,0,0,0,0
3/27/21,18-29,Unknown,,4915,,2971,,0,,0,
6/5/21,30-49,"Asian, non-Latinx",64910,44771,0.7,40716,0.6,0,0,0,0
9/24/22,65+,"Black, non-Latinx",125967,93084,0.7,88096,0.7,70221,0.6,6119,0
9/25/21,30-49,Latinx,226340,171343,0.8,158285,0.7,889,0,0,0
7/16/22,0-4,"Other, non-Latinx",6925,294,0,0,0,0,0,0,0
6/5/21,30-49,Unknown,,21118,,17857,,0,,0,
3/27/21,50-64,All,439599,174206,0.4,80416,0.2,0,0,0,0
6/11/22,50-64,"Other, non-Latinx",3063,13923,1,11781,1,5242,1,0,0
6/12/21,65+,All,362629,253083,0.7,236989,0.7,0,0,0,0
12/4/21,65+,"Black, non-Latinx",125967,89205,0.7,84011,0.7,41814,0.3,0,0
7/10/21,65+,Latinx,71039,49840,0.7,47217,0.7,0,0,0,0
1/7/23,50-64,"Other, non-Latinx",3063,14354,1,11872,1,5462,1,2437,0.8
8/21/21,65+,"Black, non-Latinx",125967,84577,0.7,78759,0.6,189,0,0,0
2/26/22,50-64,"Asian, non-Latinx",27117,24679,0.9,22706,0.8,15903,0.6,0,0
6/3/23,50-64,All,439599,406728,0.9,372640,0.8,246903,0.6,141359,0.3
8/6/22,11-May,"Other, non-Latinx",6225,3803,0.6,3149,0.5,333,0.1,0,0
8/13/22,18-29,Latinx,147161,130183,0.9,115152,0.8,45342,0.3,0,0
10/8/22,0-4,"Other, non-Latinx",6925,763,0.1,292,0,0,0,0,0
9/25/21,18-29,Latinx,147161,105470,0.7,94702,0.6,279,0,0,0
5/8/21,30-49,Latinx,226340,126279,0.6,97175,0.4,0,0,0,0
10/16/21,30-49,"Other, non-Latinx",10186,25541,1,22130,1,728,0.1,0,0
3/11/23,30-49,Latinx,226340,202864,0.9,181593,0.8,90494,0.4,35317,0.2
1/22/22,50-64,All,439599,388511,0.9,359384,0.8,201573,0.5,0,0
10/23/21,50-64,All,439599,365445,0.8,343640,0.8,25134,0.1,0,0
12/4/21,18-29,Latinx,147161,112439,0.8,101945,0.7,9534,0.1,0,0
11/19/22,50-64,"Asian, non-Latinx",27117,25536,0.9,23182,0.9,17231,0.6,5673,0.2
6/25/22,30-49,Latinx,226340,198301,0.9,180700,0.8,88295,0.4,0,0
4/15/23,0-4,"Asian, non-Latinx",9998,2758,0.3,1555,0.2,6,0,596,0.1
5/13/23,65+,"Other, non-Latinx",3206,8440,1,6963,1,4458,1,3069,1
9/18/21,18-29,"Black, non-Latinx",139472,47774,0.3,38981,0.3,104,0,0,0
10/2/21,30-49,Unknown,,24593,,21691,,329,,0,
7/23/22,50-64,Latinx,114048,106451,0.9,99450,0.9,66607,0.6,0,0
5/14/22,30-49,"White, non-Latinx",310259,237035,0.8,221175,0.7,152269,0.5,0,0
12/10/22,65+,Latinx,71039,57443,0.8,53050,0.7,43037,0.6,19644,0.3
5/28/22,50-64,All,439599,396608,0.9,369238,0.8,238161,0.5,0,0
7/29/23,50-64,"Asian, non-Latinx",27117,25894,1,23214,0.9,17232,0.6,9008,0.3
9/9/23,30-49,"Black, non-Latinx",197825,134115,0.7,119970,0.6,48803,0.2,24033,0.1
9/9/23,65+,All,362629,299042,0.8,273695,0.8,218898,0.6,163553,0.5
2/27/21,30-49,Unknown,,5594,,3374,,0,,0,
6/24/23,0-4,"Asian, non-Latinx",9998,2896,0.3,1557,0.2,6,0,1021,0.1
6/25/22,65+,Latinx,71039,56271,0.8,52668,0.7,41811,0.6,0,0
7/1/23,18-29,"Black, non-Latinx",139472,77173,0.6,63425,0.5,18453,0.1,8873,0.1
2/11/23,50-64,Latinx,114048,108190,0.9,99769,0.9,67523,0.6,29978,0.3
3/27/21,30-49,All,809519,247597,0.3,123663,0.2,0,0,0,0
11/12/22,50-64,Unknown,,16242,,12774,,4704,,1319,
3/4/23,30-49,"White, non-Latinx",310259,242177,0.8,222225,0.7,155092,0.5,98858,0.3
7/10/21,30-49,Unknown,,22395,,19838,,0,,0,
10/29/22,50-64,Latinx,114048,107375,0.9,99687,0.9,67491,0.6,13537,0.1
3/5/22,18-29,Latinx,147161,127790,0.9,113008,0.8,39532,0.3,0,0
2/19/22,18-29,All,526788,423124,0.8,360979,0.7,139757,0.3,0,0
5/28/22,18-29,Unknown,,19308,,14910,,3450,,0,
10/15/22,18-29,"Other, non-Latinx",11506,22459,1,17382,1,5040,0.4,717,0.1
9/10/22,65+,"Asian, non-Latinx",26955,20196,0.7,18959,0.7,15981,0.6,305,0
1/21/23,65+,Unknown,,11801,,8867,,4149,,1935,
8/6/22,30-49,"Other, non-Latinx",10186,30729,1,25909,1,9691,1,0,0
10/2/21,65+,"Other, non-Latinx",3206,6879,1,6142,1,373,0.1,0,0
6/5/21,30-49,"White, non-Latinx",310259,203486,0.7,191194,0.6,0,0,0,0
4/10/21,30-49,All,809519,353924,0.4,193103,0.2,0,0,0,0
4/9/22,30-49,"White, non-Latinx",310259,236708,0.8,220880,0.7,150727,0.5,0,0
10/8/22,18-29,"White, non-Latinx",187581,148652,0.8,127718,0.7,67806,0.4,11580,0.1
7/9/22,18-29,"White, non-Latinx",187581,146852,0.8,127369,0.7,66924,0.4,0,0
7/3/21,18-29,"Other, non-Latinx",11506,12906,1,11120,1,0,0,0,0
9/3/22,50-64,All,439599,399331,0.9,371602,0.8,246471,0.6,110,0
3/4/23,0-4,"Other, non-Latinx",6925,1277,0.2,643,0.1,0,0,131,0
2/20/21,50-64,"Other, non-Latinx",3063,1445,0.5,670,0.2,0,0,0,0
5/29/21,65+,"Asian, non-Latinx",26955,17422,0.6,16192,0.6,0,0,0,0
11/6/21,18-29,"Asian, non-Latinx",41068,36366,0.9,33563,0.8,2750,0.1,0,0
11/26/22,30-49,"Asian, non-Latinx",64910,55433,0.9,50057,0.8,35297,0.5,14324,0.2
10/8/22,0-4,"Asian, non-Latinx",9998,1914,0.2,857,0.1,3,0,0,0
8/20/22,65+,"Black, non-Latinx",125967,92709,0.7,88006,0.7,69955,0.6,0,0
9/2/23,0-4,Latinx,54903,9354,0.2,3250,0.1,30,0,3384,0.1
9/11/21,50-64,All,439599,354746,0.8,331810,0.8,3389,0,0,0
2/26/22,50-64,All,439599,392882,0.9,364597,0.8,222335,0.5,0,0
7/8/23,0-4,"Other, non-Latinx",6925,1467,0.2,669,0.1,0,0,457,0.1
4/10/21,30-49,Unknown,,13714,,7881,,0,,0,
3/26/22,65+,Latinx,71039,55717,0.8,52126,0.7,39384,0.6,0,0
4/15/23,50-64,"White, non-Latinx",149921,119926,0.8,112922,0.8,82703,0.6,55127,0.4
4/1/23,0-4,"Asian, non-Latinx",9998,2726,0.3,1545,0.2,6,0,545,0.1
12/24/22,65+,"Asian, non-Latinx",26955,20479,0.8,18977,0.7,15994,0.6,8621,0.3
7/30/22,65+,"White, non-Latinx",135462,101921,0.8,97261,0.7,80363,0.6,0,0
6/10/23,65+,Latinx,71039,57868,0.8,53088,0.7,43056,0.6,27663,0.4
8/6/22,0-4,Latinx,54903,2542,0,321,0,0,0,0,0
6/11/22,50-64,Unknown,,15540,,12659,,4519,,0,
1/29/22,17-Dec,"White, non-Latinx",35643,25506,0.7,23131,0.6,7852,0.2,0,0
7/23/22,65+,All,362629,290198,0.8,272560,0.8,216138,0.6,0,0
7/17/21,65+,Unknown,,9021,,7640,,0,,0,
10/8/22,18-29,"Other, non-Latinx",11506,22416,1,17377,1,5040,0.4,570,0
2/11/23,50-64,All,439599,405525,0.9,372436,0.8,246850,0.6,130532,0.3
9/16/23,0-4,"Black, non-Latinx",47946,3632,0.1,1064,0,4,0,1138,0
6/3/23,18-29,"Other, non-Latinx",11506,23161,1,17483,1,5047,0.4,2418,0.2
8/27/22,65+,"Asian, non-Latinx",26955,20178,0.7,18956,0.7,15969,0.6,0,0
5/27/23,0-4,Latinx,54903,8569,0.2,3246,0.1,30,0,1924,0
4/24/21,30-49,Latinx,226340,113987,0.5,76942,0.3,0,0,0,0
6/5/21,65+,All,362629,251583,0.7,234333,0.6,0,0,0,0
5/8/21,18-29,Unknown,,11738,,7997,,0,,0,
1/9/21,30-49,"White, non-Latinx",310259,12585,0,3599,0,0,0,0,0
7/8/23,30-49,"Other, non-Latinx",10186,31769,1,26070,1,9779,1,4785,0.5
9/3/22,65+,Unknown,,11169,,8844,,4129,,1,
2/26/22,30-49,"Other, non-Latinx",10186,30156,1,25500,1,8762,0.9,0,0
2/25/23,30-49,All,809519,698701,0.9,625199,0.8,347241,0.4,180650,0.2
7/31/21,30-49,All,809519,542855,0.7,504713,0.6,0,0,0,0
10/22/22,50-64,All,439599,401885,0.9,371925,0.8,246658,0.6,60849,0.1
9/9/23,50-64,"White, non-Latinx",149921,120051,0.8,112922,0.8,82707,0.6,56141,0.4
3/20/21,50-64,"Black, non-Latinx",145449,38798,0.3,17448,0.1,0,0,0,0
6/3/23,0-4,Latinx,54903,8612,0.2,3247,0.1,30,0,2029,0
6/17/23,0-4,"White, non-Latinx",42995,13339,0.3,9554,0.2,35,0,4364,0.1
6/10/23,50-64,Latinx,114048,108581,1,99809,0.9,67535,0.6,33861,0.3
12/17/22,18-29,"White, non-Latinx",187581,151412,0.8,127796,0.7,67830,0.4,31139,0.2
4/9/22,30-49,Unknown,,30872,,25183,,7336,,0,
5/29/21,30-49,"Other, non-Latinx",10186,17866,1,15053,1,0,0,0,0
7/31/21,65+,"Asian, non-Latinx",26955,18159,0.7,17293,0.6,0,0,0,0
2/11/23,0-4,Latinx,54903,7475,0.1,2974,0.1,23,0,548,0
9/18/21,50-64,All,439599,356825,0.8,334043,0.8,4033,0,0,0
9/9/23,65+,Unknown,,11945,,8875,,4151,,2337,
12/25/21,18-29,"Black, non-Latinx",139472,59280,0.4,49349,0.4,6580,0,0,0
6/24/23,18-29,"White, non-Latinx",187581,152381,0.8,127894,0.7,67844,0.4,36756,0.2
3/13/21,65+,"Black, non-Latinx",125967,51287,0.4,28141,0.2,0,0,0,0
8/28/21,30-49,"Black, non-Latinx",197825,91265,0.5,79730,0.4,198,0,0,0
10/2/21,50-64,"Asian, non-Latinx",27117,22698,0.8,21744,0.8,660,0,0,0
8/21/21,50-64,"Other, non-Latinx",3063,10603,1,9281,1,22,0,0,0
5/20/23,50-64,"White, non-Latinx",149921,119973,0.8,112922,0.8,82705,0.6,55576,0.4
1/29/22,50-64,"Other, non-Latinx",3063,13534,1,11401,1,4407,1,0,0
8/5/23,65+,Latinx,71039,57931,0.8,53089,0.7,43057,0.6,28146,0.4
6/18/22,30-49,Latinx,226340,198240,0.9,180646,0.8,88079,0.4,0,0
2/5/22,17-Dec,"Black, non-Latinx",57964,30788,0.5,25256,0.4,2996,0.1,0,0
6/10/23,65+,"Black, non-Latinx",125967,95964,0.8,88323,0.7,70478,0.6,52128,0.4
7/16/22,50-64,All,439599,398061,0.9,370645,0.8,242855,0.6,0,0
2/26/22,30-49,Unknown,,30520,,24886,,7073,,0,
8/20/22,30-49,"White, non-Latinx",310259,237719,0.8,221844,0.7,154856,0.5,0,0
11/19/22,0-4,"Other, non-Latinx",6925,960,0.1,463,0.1,0,0,0,0
9/18/21,30-49,Unknown,,24295,,21383,,66,,0,
9/18/21,18-29,All,526788,345065,0.7,309054,0.6,1134,0,0,0
10/15/22,50-64,Unknown,,16050,,12764,,4700,,759,
5/6/23,30-49,"White, non-Latinx",310259,242386,0.8,222269,0.7,155096,0.5,100752,0.3
11/19/22,65+,"Black, non-Latinx",125967,94761,0.8,88214,0.7,70379,0.6,33587,0.3
3/18/23,30-49,"Other, non-Latinx",10186,31640,1,26056,1,9776,1,4489,0.4
7/16/22,18-29,Latinx,147161,129887,0.9,114961,0.8,44565,0.3,0,0
1/22/22,18-29,"Other, non-Latinx",11506,20876,1,16167,1,3715,0.3,0,0
2/4/23,50-64,"Other, non-Latinx",3063,14377,1,11877,1,5462,1,2602,0.8
8/6/22,30-49,Latinx,226340,198821,0.9,180958,0.8,89691,0.4,0,0
7/24/21,65+,"Other, non-Latinx",3206,6268,1,5682,1,0,0,0,0
1/14/23,65+,"White, non-Latinx",135462,103654,0.8,97436,0.7,80733,0.6,61959,0.5
5/22/21,18-29,Latinx,147161,75804,0.5,60365,0.4,0,0,0,0
2/13/21,30-49,Unknown,,4451,,2621,,0,,0,
3/13/21,50-64,Unknown,,3899,,1883,,0,,0,
4/24/21,30-49,"Black, non-Latinx",197825,55407,0.3,36766,0.2,0,0,0,0
1/7/23,65+,"Other, non-Latinx",3206,8407,1,6960,1,4457,1,2720,0.8
8/28/21,65+,Unknown,,9276,,7857,,13,,0,
12/11/21,50-64,"White, non-Latinx",149921,114538,0.8,108515,0.7,53319,0.4,0,0
10/15/22,30-49,"White, non-Latinx",310259,239646,0.8,222001,0.7,155056,0.5,48601,0.2
11/6/21,65+,All,362629,274967,0.8,258605,0.7,88069,0.2,0,0
8/6/22,18-29,Latinx,147161,130112,0.9,115097,0.8,45157,0.3,0,0
4/3/21,50-64,"Other, non-Latinx",3063,4272,1,2189,0.7,0,0,0,0
3/4/23,17-Dec,All,180859,147725,0.8,131015,0.7,44563,0.2,22682,0.1
10/1/22,0-4,All,162797,21153,0.1,9470,0.1,16,0,0,0
10/30/21,50-64,Latinx,114048,98689,0.9,93738,0.8,6652,0.1,0,0
3/6/21,50-64,Unknown,,3251,,1527,,0,,0,
10/1/22,0-4,"White, non-Latinx",42995,10016,0.2,5737,0.1,7,0,0,0
7/10/21,30-49,Latinx,226340,152247,0.7,140685,0.6,0,0,0,0
7/9/22,50-64,"Black, non-Latinx",145449,118638,0.8,111006,0.8,67105,0.5,0,0
11/6/21,18-29,Latinx,147161,109950,0.7,99985,0.7,3587,0,0,0
7/30/22,18-29,All,526788,434294,0.8,371786,0.7,159279,0.3,0,0
3/18/23,18-29,Unknown,,21367,,15087,,3620,,2515,
1/29/22,65+,Latinx,71039,55286,0.8,51669,0.7,36659,0.5,0,0
9/10/22,50-64,All,439599,399495,0.9,371658,0.8,246520,0.6,4634,0
4/29/23,30-49,All,809519,700280,0.9,625676,0.8,347272,0.4,188121,0.2
5/27/23,65+,"White, non-Latinx",135462,103864,0.8,97457,0.7,80738,0.6,65121,0.5
9/18/21,30-49,"White, non-Latinx",310259,216895,0.7,207120,0.7,2374,0,0,0
10/30/21,65+,"White, non-Latinx",135462,97926,0.7,93028,0.7,36335,0.3,0,0
11/26/22,18-29,"Black, non-Latinx",139472,75211,0.5,62472,0.4,18414,0.1,4343,0
8/27/22,50-64,All,439599,399239,0.9,371524,0.8,246240,0.6,0,0
4/1/23,65+,"Black, non-Latinx",125967,95798,0.8,88313,0.7,70461,0.6,50135,0.4
3/26/22,50-64,Latinx,114048,105443,0.9,98716,0.9,62502,0.5,0,0
6/4/22,18-29,"White, non-Latinx",187581,146571,0.8,127188,0.7,66243,0.4,0,0
7/16/22,18-29,"Other, non-Latinx",11506,22105,1,17288,1,4935,0.4,0,0
1/23/21,30-49,"Other, non-Latinx",10186,1662,0.2,751,0.1,0,0,0,0
5/6/23,50-64,"Other, non-Latinx",3063,14436,1,11890,1,5464,1,2824,0.9
11/20/21,30-49,"Black, non-Latinx",197825,110301,0.6,99054,0.5,10299,0.1,0,0
2/4/23,18-29,"White, non-Latinx",187581,151931,0.8,127835,0.7,67835,0.4,34598,0.2
2/6/21,65+,Latinx,71039,13000,0.2,766,0,0,0,0,0
1/29/22,50-64,Unknown,,14871,,12216,,3819,,0,
12/3/22,0-4,"Asian, non-Latinx",9998,2299,0.2,1313,0.1,4,0,0,0
3/27/21,30-49,Latinx,226340,69047,0.3,32203,0.1,0,0,0,0
3/6/21,30-49,"White, non-Latinx",310259,57615,0.2,36200,0.1,0,0,0,0
5/20/23,65+,"Other, non-Latinx",3206,8443,1,6963,1,4459,1,3082,1
4/2/22,65+,All,362629,287142,0.8,268376,0.7,204117,0.6,0,0
7/23/22,65+,Unknown,,11092,,8820,,4051,,0,
9/2/23,30-49,Unknown,,33806,,25615,,7813,,4728,
5/15/21,30-49,"White, non-Latinx",310259,197144,0.6,177183,0.6,0,0,0,0
7/15/23,50-64,"White, non-Latinx",149921,120014,0.8,112922,0.8,82707,0.6,55920,0.4
4/30/22,50-64,"Asian, non-Latinx",27117,24870,0.9,22895,0.8,16570,0.6,0,0
5/6/23,0-4,"Black, non-Latinx",47946,3338,0.1,1059,0,4,0,505,0
12/17/22,30-49,"Black, non-Latinx",197825,132265,0.7,119249,0.6,48754,0.2,16385,0.1
10/16/21,18-29,"Other, non-Latinx",11506,17277,1,14448,1,263,0,0,0
3/13/21,50-64,All,439599,111013,0.3,54971,0.1,0,0,0,0
1/2/21,50-64,"Black, non-Latinx",145449,1709,0,0,0,0,0,0,0
4/3/21,50-64,"Black, non-Latinx",145449,54901,0.4,27270,0.2,0,0,0,0
4/1/23,50-64,"White, non-Latinx",149921,119912,0.8,112920,0.8,82702,0.6,54917,0.4
9/10/22,0-4,"White, non-Latinx",42995,9361,0.2,4216,0.1,4,0,0,0
8/27/22,18-29,"Other, non-Latinx",11506,22217,1,17335,1,5030,0.4,0,0
1/15/22,50-64,Unknown,,14630,,12071,,3453,,0,
8/27/22,30-49,Unknown,,31513,,25427,,7767,,0,
2/6/21,30-49,Unknown,,3901,,2261,,0,,0,
3/4/23,65+,"Other, non-Latinx",3206,8424,1,6962,1,4457,1,2934,0.9
7/8/23,65+,"Asian, non-Latinx",26955,20609,0.8,18983,0.7,15994,0.6,10655,0.4
4/9/22,30-49,"Asian, non-Latinx",64910,54161,0.8,49722,0.8,33945,0.5,0,0
9/16/23,50-64,"Black, non-Latinx",145449,121337,0.8,112015,0.8,69277,0.5,38892,0.3
4/15/23,65+,Unknown,,11852,,8874,,4149,,2150,
8/21/21,30-49,"Black, non-Latinx",197825,89400,0.5,77966,0.4,109,0,0,0
4/8/23,30-49,All,809519,699769,0.9,625580,0.8,347265,0.4,186109,0.2
9/10/22,65+,"Other, non-Latinx",3206,8138,1,6946,1,4439,1,104,0
7/15/23,18-29,"Black, non-Latinx",139472,77261,0.6,63426,0.5,18456,0.1,9053,0.1
3/11/23,0-4,"Asian, non-Latinx",9998,2686,0.3,1518,0.2,5,0,457,0
2/27/21,65+,"White, non-Latinx",135462,54815,0.4,27363,0.2,0,0,0,0
9/4/21,30-49,Unknown,,23936,,21069,,46,,0,
10/29/22,0-4,"White, non-Latinx",42995,10748,0.2,7179,0.2,9,0,0,0
1/29/22,50-64,Latinx,114048,104266,0.9,97166,0.9,55201,0.5,0,0
12/17/22,30-49,All,809519,695629,0.9,624439,0.8,347174,0.4,157956,0.2
12/25/21,50-64,"Asian, non-Latinx",27117,23875,0.9,22328,0.8,11399,0.4,0,0
6/19/21,18-29,"Black, non-Latinx",139472,33742,0.2,27552,0.2,0,0,0,0
8/7/21,30-49,"Asian, non-Latinx",64910,47749,0.7,45250,0.7,0,0,0,0
4/24/21,65+,All,362629,234271,0.6,204842,0.6,0,0,0,0
7/9/22,30-49,All,809519,681894,0.8,621072,0.8,341663,0.4,0,0
2/19/22,50-64,Latinx,114048,104982,0.9,98119,0.9,59693,0.5,0,0
4/8/23,18-29,All,526788,450805,0.9,375663,0.7,161643,0.3,74480,0.1
5/29/21,50-64,"White, non-Latinx",149921,101462,0.7,94131,0.6,0,0,0,0
12/25/21,11-May,All,210448,67054,0.3,46601,0.2,124,0,0,0
7/9/22,30-49,Unknown,,31299,,25358,,7627,,0,
5/14/22,65+,"White, non-Latinx",135462,101475,0.7,96519,0.7,78844,0.6,0,0
8/28/21,30-49,"Other, non-Latinx",10186,22644,1,19678,1,62,0,0,0
8/26/23,50-64,"White, non-Latinx",149921,120044,0.8,112922,0.8,82707,0.6,56088,0.4
12/25/21,50-64,"Black, non-Latinx",145449,112904,0.8,105003,0.7,40911,0.3,0,0
7/30/22,18-29,Latinx,147161,130017,0.9,115050,0.8,44981,0.3,0,0
7/15/23,65+,"White, non-Latinx",135462,103918,0.8,97457,0.7,80738,0.6,65531,0.5
1/28/23,18-29,"White, non-Latinx",187581,151877,0.8,127827,0.7,67835,0.4,34362,0.2
2/13/21,65+,"White, non-Latinx",135462,42642,0.3,10934,0.1,0,0,0,0
12/24/22,18-29,All,526788,447107,0.8,374563,0.7,161589,0.3,61852,0.1
7/24/21,50-64,All,439599,337156,0.8,316005,0.7,0,0,0,0
9/18/21,30-49,"Other, non-Latinx",10186,23995,1,20749,1,126,0,0,0
5/20/23,30-49,"Other, non-Latinx",10186,31733,1,26070,1,9778,1,4699,0.5
3/19/22,50-64,"White, non-Latinx",149921,117415,0.8,110784,0.7,78525,0.5,0,0
4/8/23,50-64,"Asian, non-Latinx",27117,25794,1,23214,0.9,17232,0.6,8684,0.3
9/11/21,30-49,"Other, non-Latinx",10186,23556,1,20365,1,110,0,0,0
2/11/23,18-29,All,526788,449353,0.9,375137,0.7,161611,0.3,70222,0.1
5/21/22,18-29,Unknown,,19283,,14910,,3435,,0,
7/24/21,50-64,"White, non-Latinx",149921,105617,0.7,101120,0.7,0,0,0,0
8/26/23,50-64,All,439599,407230,0.9,372643,0.8,246921,0.6,143849,0.3
6/24/23,18-29,Unknown,,21521,,15097,,3620,,2704,
3/18/23,30-49,"Asian, non-Latinx",64910,55823,0.9,50097,0.8,35303,0.5,18862,0.3
10/9/21,65+,"Asian, non-Latinx",26955,18654,0.7,17793,0.7,1913,0.1,0,0
4/10/21,65+,All,362629,222849,0.6,179874,0.5,0,0,0,0
10/22/22,65+,"White, non-Latinx",135462,102955,0.8,97404,0.7,80715,0.6,40858,0.3
9/11/21,65+,All,362629,266810,0.7,252074,0.7,5641,0,0,0
5/28/22,30-49,"Asian, non-Latinx",64910,54348,0.8,49840,0.8,34585,0.5,0,0
3/18/23,0-4,Unknown,,2721,,1933,,6,,446,
2/4/23,0-4,"Asian, non-Latinx",9998,2587,0.3,1470,0.1,5,0,292,0
2/13/21,50-64,Unknown,,1924,,878,,0,,0,
11/20/21,30-49,"Asian, non-Latinx",64910,50660,0.8,47937,0.7,11205,0.2,0,0
3/20/21,65+,Latinx,71039,36534,0.5,21908,0.3,0,0,0,0
7/31/21,50-64,"White, non-Latinx",149921,106111,0.7,101493,0.7,0,0,0,0
11/5/22,18-29,"White, non-Latinx",187581,150102,0.8,127750,0.7,67816,0.4,21755,0.1
10/8/22,30-49,Latinx,226340,199921,0.9,181229,0.8,90424,0.4,9195,0
4/24/21,18-29,Unknown,,10495,,5404,,0,,0,
6/5/21,50-64,"Asian, non-Latinx",27117,20775,0.8,18898,0.7,0,0,0,0
9/24/22,50-64,"Black, non-Latinx",145449,119249,0.8,111496,0.8,69058,0.5,4164,0
12/26/20,50-64,"White, non-Latinx",149921,2102,0,0,0,0,0,0,0
7/10/21,18-29,All,526788,304825,0.6,275872,0.5,0,0,0,0
3/12/22,30-49,All,809519,674880,0.8,614735,0.8,322827,0.4,0,0
6/25/22,50-64,"Other, non-Latinx",3063,13941,1,11799,1,5287,1,0,0
5/1/21,30-49,"White, non-Latinx",310259,190443,0.6,151631,0.5,0,0,0,0
10/8/22,50-64,Latinx,114048,107058,0.9,99664,0.9,67483,0.6,7255,0.1
1/23/21,65+,Unknown,,590,,76,,0,,0,
2/25/23,65+,"White, non-Latinx",135462,103713,0.8,97446,0.7,80735,0.6,63424,0.5
2/26/22,65+,"Asian, non-Latinx",26955,19773,0.7,18517,0.7,14762,0.5,0,0
4/29/23,50-64,"White, non-Latinx",149921,119946,0.8,112922,0.8,82705,0.6,55352,0.4
7/29/23,50-64,"White, non-Latinx",149921,120020,0.8,112922,0.8,82707,0.6,55969,0.4
7/29/23,18-29,"White, non-Latinx",187581,152449,0.8,127895,0.7,67845,0.4,37010,0.2
6/11/22,18-29,All,526788,432099,0.8,370199,0.7,155283,0.3,0,0
2/6/21,50-64,Latinx,114048,7884,0.1,1879,0,0,0,0,0
11/27/21,30-49,All,809519,619739,0.8,574585,0.7,121620,0.2,0,0
4/3/21,65+,"Asian, non-Latinx",26955,14738,0.5,10349,0.4,0,0,0,0
2/11/23,0-4,Unknown,,2640,,1888,,6,,285,
6/4/22,30-49,"White, non-Latinx",310259,237219,0.8,221381,0.7,153035,0.5,0,0
1/23/21,30-49,All,809519,43261,0.1,17472,0,0,0,0,0
7/29/23,18-29,"Asian, non-Latinx",41068,44287,1,35976,0.9,20843,0.5,10187,0.2
5/15/21,18-29,"Other, non-Latinx",11506,10660,0.9,7951,0.7,0,0,0,0
8/13/22,50-64,"Black, non-Latinx",145449,118901,0.8,111305,0.8,68530,0.5,0,0
8/6/22,65+,"Other, non-Latinx",3206,8101,1,6932,1,4404,1,0,0
3/25/23,0-4,Latinx,54903,8031,0.1,3143,0.1,27,0,995,0
8/28/21,65+,"Black, non-Latinx",125967,84978,0.7,79250,0.6,392,0,0,0
10/8/22,0-4,"White, non-Latinx",42995,10213,0.2,6155,0.1,8,0,0,0
4/17/21,18-29,"Asian, non-Latinx",41068,22079,0.5,10968,0.3,0,0,0,0
2/6/21,30-49,"Black, non-Latinx",197825,9292,0,3416,0,0,0,0,0
9/4/21,30-49,"Other, non-Latinx",10186,23143,1,20055,1,96,0,0,0
10/8/22,50-64,"Asian, non-Latinx",27117,25356,0.9,23164,0.9,17230,0.6,2474,0.1
9/4/21,50-64,All,439599,352776,0.8,329724,0.8,2745,0,0,0
10/29/22,65+,"Black, non-Latinx",125967,94265,0.7,88169,0.7,70346,0.6,24574,0.2
12/4/21,50-64,All,439599,375349,0.9,351756,0.8,110539,0.3,0,0
7/29/23,30-49,"White, non-Latinx",310259,242565,0.8,222271,0.7,155097,0.5,101779,0.3
7/17/21,18-29,Unknown,,13876,,12311,,0,,0,
7/8/23,0-4,Latinx,54903,8875,0.2,3248,0.1,30,0,2613,0
3/4/23,65+,"Asian, non-Latinx",26955,20528,0.8,18983,0.7,15994,0.6,9929,0.4
8/6/22,65+,All,362629,290483,0.8,272841,0.8,217109,0.6,0,0
9/4/21,30-49,Latinx,226340,167310,0.7,153553,0.7,529,0,0,0
2/20/21,65+,"Black, non-Latinx",125967,31246,0.2,10525,0.1,0,0,0,0
6/17/23,18-29,"Asian, non-Latinx",41068,44269,1,35975,0.9,20843,0.5,10110,0.2
12/18/21,65+,"Black, non-Latinx",125967,89766,0.7,84593,0.7,49574,0.4,0,0
7/22/23,50-64,Unknown,,16730,,12793,,4707,,2342,
4/30/22,30-49,All,809519,678521,0.8,618337,0.8,332824,0.4,0,0
12/19/20,30-49,"Other, non-Latinx",10186,303,0,0,0,0,0,0,0
2/20/21,65+,Unknown,,2742,,655,,0,,0,
10/22/22,50-64,"White, non-Latinx",149921,119180,0.8,112857,0.8,82675,0.6,29954,0.2
12/11/21,65+,"White, non-Latinx",135462,99630,0.7,94114,0.7,63563,0.5,0,0
5/21/22,65+,"White, non-Latinx",135462,101545,0.8,96645,0.7,79070,0.6,0,0
11/6/21,30-49,"Asian, non-Latinx",64910,50167,0.8,47687,0.7,7186,0.1,0,0
3/20/21,30-49,"Other, non-Latinx",10186,5729,0.6,3244,0.3,0,0,0,0
2/25/23,18-29,All,526788,449786,0.9,375242,0.7,161627,0.3,71541,0.1
3/25/23,18-29,Latinx,147161,133221,0.9,115873,0.8,45850,0.3,15922,0.1
4/2/22,65+,"Black, non-Latinx",125967,91831,0.7,86752,0.7,64541,0.5,0,0
4/22/23,18-29,"Black, non-Latinx",139472,76681,0.6,63406,0.5,18445,0.1,7718,0.1
10/22/22,65+,"Other, non-Latinx",3206,8268,1,6949,1,4454,1,1483,0.5
9/9/23,18-29,"Black, non-Latinx",139472,77534,0.6,63428,0.5,18464,0.1,9660,0.1
7/15/23,18-29,"Asian, non-Latinx",41068,44281,1,35975,0.9,20843,0.5,10160,0.2
9/2/23,50-64,Latinx,114048,108747,1,99810,0.9,67539,0.6,34715,0.3
1/28/23,65+,Unknown,,11804,,8869,,4149,,1951,
5/15/21,50-64,All,439599,300414,0.7,255923,0.6,0,0,0,0
6/17/23,0-4,"Asian, non-Latinx",9998,2888,0.3,1557,0.2,6,0,981,0.1
11/27/21,18-29,"Other, non-Latinx",11506,18258,1,15264,1,1098,0.1,0,0
4/8/23,30-49,"Asian, non-Latinx",64910,55849,0.9,50100,0.8,35303,0.5,19061,0.3
8/19/23,18-29,"White, non-Latinx",187581,152485,0.8,127895,0.7,67845,0.4,37142,0.2
9/24/22,18-29,"Asian, non-Latinx",41068,42762,1,35894,0.9,20830,0.5,1561,0
7/1/23,50-64,Unknown,,16719,,12793,,4707,,2328,
1/21/23,18-29,"Black, non-Latinx",139472,75917,0.5,62859,0.5,18430,0.1,6420,0
6/25/22,18-29,"White, non-Latinx",187581,146759,0.8,127300,0.7,66663,0.4,0,0
8/7/21,18-29,Latinx,147161,95413,0.6,85261,0.6,0,0,0,0
7/30/22,17-Dec,Latinx,76627,68842,0.9,62407,0.8,18444,0.2,0,0
8/19/23,50-64,All,439599,407185,0.9,372642,0.8,246921,0.6,143655,0.3
5/20/23,0-4,Unknown,,2854,,1977,,7,,805,
10/16/21,50-64,All,439599,363892,0.8,341947,0.8,18445,0,0,0
11/6/21,65+,"Black, non-Latinx",125967,88020,0.7,82752,0.7,23778,0.2,0,0
7/29/23,0-4,"Asian, non-Latinx",9998,2969,0.3,1557,0.2,6,0,1158,0.1
1/21/23,50-64,"Other, non-Latinx",3063,14367,1,11874,1,5462,1,2534,0.8
8/27/22,18-29,"White, non-Latinx",187581,147202,0.8,127617,0.7,67734,0.4,0,0
9/9/23,50-64,"Black, non-Latinx",145449,121331,0.8,112014,0.8,69275,0.5,38872,0.3
7/15/23,0-4,"White, non-Latinx",42995,13508,0.3,9556,0.2,36,0,4852,0.1
4/30/22,18-29,"Asian, non-Latinx",41068,42026,1,35654,0.9,19862,0.5,0,0
10/8/22,18-29,All,526788,439578,0.8,373501,0.7,161473,0.3,21065,0
3/6/21,18-29,"Other, non-Latinx",11506,2127,0.2,1317,0.1,0,0,0,0
5/6/23,65+,"Asian, non-Latinx",26955,20565,0.8,18983,0.7,15994,0.6,10379,0.4
2/12/22,11-May,All,210448,100775,0.5,79881,0.4,286,0,0,0
4/2/22,30-49,Unknown,,30827,,25154,,7314,,0,
4/8/23,18-29,"Asian, non-Latinx",41068,44202,1,35974,0.9,20843,0.5,9819,0.2
1/16/21,30-49,"White, non-Latinx",310259,15878,0.1,6460,0,0,0,0,0
4/10/21,65+,Unknown,,7135,,4568,,0,,0,
4/15/23,30-49,Unknown,,33597,,25613,,7812,,4438,
3/26/22,18-29,"Asian, non-Latinx",41068,41838,1,35546,0.9,19422,0.5,0,0
6/11/22,18-29,"White, non-Latinx",187581,146646,0.8,127235,0.7,66403,0.4,0,0
11/13/21,50-64,Latinx,114048,99345,0.9,94298,0.8,13070,0.1,0,0
4/23/22,30-49,"Black, non-Latinx",197825,128284,0.6,116173,0.6,43707,0.2,0,0
9/11/21,50-64,Latinx,114048,96265,0.8,90942,0.8,563,0,0,0
4/30/22,18-29,"White, non-Latinx",187581,146192,0.8,126963,0.7,65291,0.3,0,0
8/21/21,18-29,Latinx,147161,98499,0.7,87836,0.6,49,0,0,0
2/18/23,0-4,"White, non-Latinx",42995,12525,0.3,9239,0.2,22,0,1791,0
7/8/23,0-4,"Asian, non-Latinx",9998,2916,0.3,1557,0.2,6,0,1068,0.1
8/7/21,18-29,"Black, non-Latinx",139472,40513,0.3,33589,0.2,0,0,0,0
11/27/21,30-49,"Other, non-Latinx",10186,26854,1,23463,1,2975,0.3,0,0
4/8/23,18-29,Latinx,147161,133310,0.9,115900,0.8,45850,0.3,16235,0.1
11/26/22,17-Dec,Latinx,76627,69672,0.9,62867,0.8,20489,0.3,5535,0.1
6/19/21,18-29,Latinx,147161,84790,0.6,74325,0.5,0,0,0,0
1/1/22,65+,"Black, non-Latinx",125967,90185,0.7,84964,0.7,54047,0.4,0,0
3/12/22,65+,Latinx,71039,55661,0.8,52061,0.7,39008,0.5,0,0
5/21/22,50-64,Unknown,,15462,,12636,,4467,,0,
10/15/22,18-29,Unknown,,20199,,15041,,3614,,910,
12/17/22,50-64,Latinx,114048,107839,0.9,99731,0.9,67508,0.6,24580,0.2
8/19/23,65+,"Other, non-Latinx",3206,8470,1,6963,1,4461,1,3156,1
12/25/21,65+,"Asian, non-Latinx",26955,19366,0.7,18288,0.7,12546,0.5,0,0
6/10/23,65+,"White, non-Latinx",135462,103883,0.8,97457,0.7,80738,0.6,65281,0.5
1/2/21,30-49,"White, non-Latinx",310259,9197,0,0,0,0,0,0,0
2/5/22,50-64,"White, non-Latinx",149921,117019,0.8,110214,0.7,76156,0.5,0,0
4/17/21,18-29,"Other, non-Latinx",11506,7404,0.6,3659,0.3,0,0,0,0
4/15/23,50-64,"Black, non-Latinx",145449,121037,0.8,111996,0.8,69249,0.5,36719,0.3
9/17/22,65+,"Other, non-Latinx",3206,8152,1,6947,1,4439,1,298,0.1
10/8/22,50-64,"Black, non-Latinx",145449,119459,0.8,111542,0.8,69076,0.5,8612,0.1
6/12/21,65+,"White, non-Latinx",135462,91776,0.7,87973,0.6,0,0,0,0
3/19/22,65+,"White, non-Latinx",135462,100956,0.7,95251,0.7,76725,0.6,0,0
11/5/22,50-64,"Asian, non-Latinx",27117,25488,0.9,23175,0.9,17231,0.6,4846,0.2
7/24/21,18-29,"Asian, non-Latinx",41068,33152,0.8,30910,0.8,0,0,0,0
2/6/21,50-64,"Black, non-Latinx",145449,11107,0.1,3649,0,0,0,0,0
5/27/23,65+,All,362629,298585,0.8,273688,0.8,218868,0.6,160333,0.4
7/17/21,50-64,"White, non-Latinx",149921,105142,0.7,100677,0.7,0,0,0,0
5/21/22,50-64,"White, non-Latinx",149921,117924,0.8,111955,0.7,80827,0.5,0,0
7/10/21,65+,Unknown,,8979,,7585,,0,,0,
7/1/23,18-29,"Other, non-Latinx",11506,23181,1,17483,1,5047,0.4,2459,0.2
1/9/21,30-49,All,809519,26689,0,6753,0,0,0,0,0
7/22/23,50-64,All,439599,407018,0.9,372642,0.8,246915,0.6,142940,0.3
3/6/21,18-29,"Asian, non-Latinx",41068,5875,0.1,4242,0.1,0,0,0,0
7/23/22,18-29,All,526788,434002,0.8,371554,0.7,158746,0.3,0,0
3/5/22,30-49,"Asian, non-Latinx",64910,53964,0.8,49604,0.8,33175,0.5,0,0
9/24/22,0-4,"Other, non-Latinx",6925,695,0.1,237,0,0,0,0,0
2/25/23,50-64,Unknown,,16593,,12785,,4706,,2101,
12/10/22,65+,"Other, non-Latinx",3206,8383,1,6957,1,4455,1,2461,0.8
9/9/23,17-Dec,Latinx,76627,71250,0.9,63136,0.8,20533,0.3,13132,0.2
9/2/23,18-29,"White, non-Latinx",187581,152512,0.8,127895,0.7,67845,0.4,37229,0.2
3/20/21,18-29,"Other, non-Latinx",11506,3007,0.3,1695,0.1,0,0,0,0
11/12/22,30-49,"Asian, non-Latinx",64910,55319,0.9,50051,0.8,35297,0.5,12717,0.2
7/1/23,30-49,Latinx,226340,203799,0.9,181668,0.8,90504,0.4,38754,0.2
12/31/22,50-64,Latinx,114048,107955,0.9,99741,0.9,67512,0.6,26227,0.2
4/16/22,18-29,All,526788,428953,0.8,368029,0.7,150023,0.3,0,0
1/1/22,30-49,"Black, non-Latinx",197825,116458,0.6,103904,0.5,26174,0.1,0,0
5/6/23,30-49,Latinx,226340,203342,0.9,181665,0.8,90498,0.4,37484,0.2
1/28/23,0-4,"White, non-Latinx",42995,12301,0.3,9098,0.2,19,0,1244,0
6/17/23,50-64,"Black, non-Latinx",145449,121199,0.8,112013,0.8,69262,0.5,38056,0.3
1/8/22,50-64,"White, non-Latinx",149921,116162,0.8,109446,0.7,69812,0.5,0,0
5/14/22,50-64,Unknown,,15427,,12619,,4440,,0,
7/23/22,0-4,"Asian, non-Latinx",9998,1006,0.1,49,0,0,0,0,0
5/13/23,0-4,"White, non-Latinx",42995,13132,0.3,9552,0.2,34,0,3571,0.1
4/3/21,65+,"White, non-Latinx",135462,81116,0.6,64834,0.5,0,0,0,0
3/4/23,18-29,Latinx,147161,133079,0.9,115823,0.8,45847,0.3,15344,0.1
6/24/23,65+,Latinx,71039,57886,0.8,53089,0.7,43056,0.6,27796,0.4
9/17/22,65+,"Black, non-Latinx",125967,92889,0.7,88083,0.7,70208,0.6,3349,0
4/30/22,65+,"Other, non-Latinx",3206,7943,1,6804,1,4134,1,0,0
3/13/21,18-29,Unknown,,3696,,2477,,0,,0,
5/20/23,0-4,"Other, non-Latinx",6925,1402,0.2,669,0.1,0,0,306,0
7/24/21,30-49,"Asian, non-Latinx",64910,47151,0.7,44759,0.7,0,0,0,0
8/14/21,30-49,"Asian, non-Latinx",64910,48030,0.7,45484,0.7,13,0,0,0
11/19/22,0-4,Latinx,54903,5993,0.1,2165,0,9,0,0,0
10/9/21,50-64,"White, non-Latinx",149921,110396,0.7,105733,0.7,6306,0,0,0
10/1/22,18-29,Latinx,147161,130814,0.9,115374,0.8,45773,0.3,2668,0
8/14/21,50-64,All,439599,345353,0.8,322243,0.7,86,0,0,0
2/26/22,18-29,"Black, non-Latinx",139472,69690,0.5,57224,0.4,14041,0.1,0,0
6/11/22,65+,"Black, non-Latinx",125967,92371,0.7,87562,0.7,67870,0.5,0,0
7/9/22,50-64,All,439599,397844,0.9,370416,0.8,242000,0.6,0,0
7/30/22,30-49,Latinx,226340,198733,0.9,180917,0.8,89488,0.4,0,0
6/12/21,11-May,Latinx,83432,0,0,0,0,0,0,0,0
3/19/22,65+,"Asian, non-Latinx",26955,19816,0.7,18546,0.7,14946,0.6,0,0
1/9/21,18-29,"White, non-Latinx",187581,7426,0,1818,0,0,0,0,0
5/7/22,18-29,"White, non-Latinx",187581,146260,0.8,127003,0.7,65509,0.3,0,0
3/11/23,0-4,"Other, non-Latinx",6925,1287,0.2,647,0.1,0,0,141,0
3/13/21,50-64,Latinx,114048,31373,0.3,12519,0.1,0,0,0,0
2/4/23,65+,Unknown,,11810,,8869,,4149,,1976,
10/30/21,65+,"Asian, non-Latinx",26955,18811,0.7,17920,0.7,4609,0.2,0,0
12/18/21,50-64,All,439599,379067,0.9,354244,0.8,147264,0.3,0,0
6/17/23,18-29,Unknown,,21516,,15097,,3620,,2695,
8/12/23,0-4,"White, non-Latinx",42995,13674,0.3,9556,0.2,37,0,5270,0.1
10/1/22,30-49,All,809519,687481,0.8,623214,0.8,346959,0.4,51262,0.1
2/5/22,65+,"Other, non-Latinx",3206,7818,1,6670,1,3803,1,0,0
8/27/22,65+,All,362629,290787,0.8,273088,0.8,218137,0.6,0,0
5/15/21,18-29,Unknown,,12142,,9389,,0,,0,
4/3/21,30-49,"Black, non-Latinx",197825,39133,0.2,19879,0.1,0,0,0,0
9/10/22,18-29,Unknown,,19648,,15010,,3608,,63,
7/24/21,18-29,All,526788,311627,0.6,282688,0.5,0,0,0,0
1/22/22,18-29,"White, non-Latinx",187581,143176,0.8,124569,0.7,57006,0.3,0,0
6/5/21,18-29,"Other, non-Latinx",11506,11892,1,9779,0.8,0,0,0,0
4/29/23,18-29,Unknown,,21459,,15096,,3620,,2618,
5/29/21,18-29,"Asian, non-Latinx",41068,31067,0.8,27004,0.7,0,0,0,0
2/18/23,65+,"Asian, non-Latinx",26955,20519,0.8,18983,0.7,15994,0.6,9790,0.4
6/5/21,65+,Latinx,71039,48661,0.7,45392,0.6,0,0,0,0
4/16/22,18-29,"Other, non-Latinx",11506,21856,1,17134,1,4671,0.4,0,0
1/2/21,18-29,"Other, non-Latinx",11506,401,0,0,0,0,0,0,0
8/6/22,30-49,"Black, non-Latinx",197825,130059,0.7,117960,0.6,47865,0.2,0,0
4/2/22,18-29,"Other, non-Latinx",11506,21815,1,17098,1,4614,0.4,0,0
2/4/23,50-64,All,439599,405414,0.9,372397,0.8,246843,0.6,129113,0.3
2/18/23,18-29,Latinx,147161,132946,0.9,115779,0.8,45844,0.3,14907,0.1
10/2/21,18-29,All,526788,351126,0.7,315774,0.6,3357,0,0,0
9/24/22,50-64,"Asian, non-Latinx",27117,25315,0.9,23158,0.9,17227,0.6,1353,0
3/11/23,18-29,Unknown,,21346,,15086,,3620,,2493,
11/26/22,65+,"Asian, non-Latinx",26955,20436,0.8,18973,0.7,15994,0.6,7423,0.3
7/16/22,65+,"White, non-Latinx",135462,101854,0.8,97157,0.7,80132,0.6,0,0
10/22/22,17-Dec,"Black, non-Latinx",57964,33865,0.6,29309,0.5,6740,0.1,1070,0
5/29/21,65+,"Other, non-Latinx",3206,5832,1,5120,1,0,0,0,0
6/25/22,17-Dec,"Other, non-Latinx",3047,5229,1,4163,1,851,0.3,0,0
12/18/21,18-29,Latinx,147161,114023,0.8,102936,0.7,15115,0.1,0,0
4/3/21,18-29,"White, non-Latinx",187581,64440,0.3,29651,0.2,0,0,0,0
10/2/21,18-29,Unknown,,15013,,13213,,135,,0,
4/10/21,65+,"White, non-Latinx",135462,83541,0.6,71097,0.5,0,0,0,0
12/11/21,50-64,"Other, non-Latinx",3063,12680,1,11025,1,2457,0.8,0,0
11/5/22,18-29,All,526788,443142,0.8,373933,0.7,161515,0.3,40177,0.1
1/2/21,30-49,"Other, non-Latinx",10186,837,0.1,0,0,0,0,0,0
12/19/20,18-29,"White, non-Latinx",187581,1634,0,0,0,0,0,0,0
8/26/23,30-49,All,809519,702418,0.9,625699,0.8,347299,0.4,194881,0.2
11/26/22,65+,Latinx,71039,57366,0.8,53042,0.7,43035,0.6,17521,0.2
5/28/22,30-49,Unknown,,31120,,25296,,7499,,0,
7/9/22,30-49,"Asian, non-Latinx",64910,54464,0.8,49929,0.8,34976,0.5,0,0
8/21/21,18-29,Unknown,,14389,,12743,,6,,0,
11/19/22,18-29,Unknown,,20778,,15062,,3617,,1752,
2/6/21,30-49,All,809519,72048,0.1,30166,0,0,0,0,0
6/11/22,11-May,"Other, non-Latinx",6225,3669,0.6,3070,0.5,136,0,0,0
6/24/23,65+,"Black, non-Latinx",125967,95978,0.8,88324,0.7,70481,0.6,52342,0.4
6/24/23,65+,Unknown,,11907,,8875,,4149,,2279,
10/30/21,65+,"Other, non-Latinx",3206,7159,1,6296,1,1210,0.4,0,0
11/13/21,50-64,Unknown,,13213,,11478,,893,,0,
11/26/22,0-4,All,162797,25528,0.2,14609,0.1,33,0,0,0
1/29/22,65+,Unknown,,10615,,8573,,3423,,0,
5/29/21,18-29,"White, non-Latinx",187581,115137,0.6,102089,0.5,0,0,0,0
3/19/22,30-49,"Other, non-Latinx",10186,30281,1,25631,1,9016,0.9,0,0
9/10/22,0-4,All,162797,19111,0.1,6666,0,12,0,0,0
10/22/22,50-64,Unknown,,16104,,12769,,4700,,909,
4/9/22,65+,"White, non-Latinx",135462,101150,0.7,95689,0.7,77559,0.6,0,0
2/13/21,50-64,"Black, non-Latinx",145449,14167,0.1,5172,0,0,0,0,0
7/1/23,50-64,"White, non-Latinx",149921,120005,0.8,112922,0.8,82707,0.6,55861,0.4
5/14/22,30-49,"Other, non-Latinx",10186,30485,1,25760,1,9356,0.9,0,0
1/21/23,0-4,Latinx,54903,7176,0.1,2860,0.1,20,0,317,0
3/4/23,0-4,All,162797,30159,0.2,17470,0.1,61,0,4096,0
6/24/23,30-49,All,809519,701443,0.9,625692,0.8,347286,0.4,192086,0.2
6/18/22,65+,Unknown,,10989,,8799,,3968,,0,
3/11/23,30-49,Unknown,,33507,,25600,,7812,,4331,
9/11/21,17-Dec,Latinx,76627,52001,0.7,43651,0.6,77,0,0,0
10/29/22,18-29,Latinx,147161,131383,0.9,115461,0.8,45797,0.3,6365,0
1/8/22,30-49,"White, non-Latinx",310259,232817,0.8,217442,0.7,132131,0.4,0,0
3/20/21,65+,Unknown,,5402,,2581,,0,,0,
7/16/22,18-29,"Black, non-Latinx",139472,72969,0.5,60917,0.4,17466,0.1,0,0
2/12/22,50-64,"White, non-Latinx",149921,117119,0.8,110400,0.7,76904,0.5,0,0
9/24/22,0-4,"Asian, non-Latinx",9998,1820,0.2,692,0.1,2,0,0,0
4/8/23,65+,"Other, non-Latinx",3206,8432,1,6962,1,4458,1,2998,0.9
11/5/22,30-49,"Other, non-Latinx",10186,31220,1,25981,1,9765,1,2651,0.3
9/25/21,65+,Unknown,,9407,,7995,,80,,0,
9/2/23,30-49,"Black, non-Latinx",197825,134095,0.7,119969,0.6,48801,0.2,23976,0.1
11/20/21,65+,Unknown,,9936,,8250,,1546,,0,
1/1/22,50-64,"White, non-Latinx",149921,115780,0.8,109241,0.7,66993,0.4,0,0
12/31/22,50-64,"Other, non-Latinx",3063,14341,1,11872,1,5462,1,2376,0.8
2/5/22,50-64,Latinx,114048,104545,0.9,97480,0.9,56992,0.5,0,0
10/8/22,30-49,Unknown,,32093,,25484,,7792,,1497,
2/6/21,30-49,"Asian, non-Latinx",64910,7658,0.1,4548,0.1,0,0,0,0
2/4/23,18-29,"Black, non-Latinx",139472,76056,0.5,62974,0.5,18430,0.1,6691,0
10/23/21,30-49,"White, non-Latinx",310259,220381,0.7,210896,0.7,17584,0.1,0,0
5/8/21,18-29,"Other, non-Latinx",11506,10201,0.9,6633,0.6,0,0,0,0
8/6/22,0-4,Unknown,,1426,,263,,0,,0,
7/22/23,30-49,"Black, non-Latinx",197825,133905,0.7,119967,0.6,48792,0.2,23469,0.1
10/29/22,50-64,"Black, non-Latinx",145449,119852,0.8,111609,0.8,69118,0.5,16325,0.1
10/30/21,30-49,"Black, non-Latinx",197825,107286,0.5,95419,0.5,4670,0,0,0
8/12/23,50-64,"White, non-Latinx",149921,120032,0.8,112922,0.8,82707,0.6,56020,0.4
11/5/22,65+,"Black, non-Latinx",125967,94441,0.8,88182,0.7,70353,0.6,27923,0.2
5/28/22,65+,All,362629,288933,0.8,271157,0.7,211649,0.6,0,0
5/6/23,50-64,All,439599,406492,0.9,372633,0.8,246891,0.6,139917,0.3
6/19/21,65+,"White, non-Latinx",135462,92119,0.7,88509,0.7,0,0,0,0
1/14/23,65+,Unknown,,11792,,8867,,4149,,1891,
8/28/21,50-64,"White, non-Latinx",149921,108082,0.7,103269,0.7,1071,0,0,0
5/27/23,50-64,Unknown,,16691,,12793,,4707,,2289,
2/5/22,18-29,"Other, non-Latinx",11506,21320,1,16525,1,4091,0.4,0,0
8/27/22,50-64,Unknown,,15779,,12741,,4690,,0,
9/16/23,30-49,All,809519,702691,0.9,625707,0.8,347310,0.4,195484,0.2
9/2/23,0-4,All,162797,34332,0.2,18073,0.1,84,0,13015,0.1
3/20/21,65+,"White, non-Latinx",135462,73953,0.5,51165,0.4,0,0,0,0
7/23/22,30-49,All,809519,682626,0.8,621544,0.8,343382,0.4,0,0
5/20/23,50-64,"Asian, non-Latinx",27117,25842,1,23214,0.9,17232,0.6,8863,0.3
10/29/22,50-64,"Other, non-Latinx",3063,14209,1,11863,1,5459,1,1367,0.4
6/12/21,18-29,Latinx,147161,82952,0.6,71191,0.5,0,0,0,0
8/28/21,65+,"Asian, non-Latinx",26955,18376,0.7,17515,0.6,140,0,0,0
1/29/22,30-49,All,809519,664097,0.8,598652,0.7,296549,0.4,0,0
8/19/23,50-64,Unknown,,16751,,12793,,4707,,2367,
11/20/21,65+,All,362629,277249,0.8,260443,0.7,119600,0.3,0,0
11/5/22,30-49,All,809519,692067,0.9,623823,0.8,347066,0.4,113876,0.1
1/23/21,30-49,"White, non-Latinx",310259,20509,0.1,8720,0,0,0,0,0
5/21/22,30-49,"Asian, non-Latinx",64910,54313,0.8,49824,0.8,34473,0.5,0,0
2/18/23,18-29,"Other, non-Latinx",11506,23016,1,17460,1,5046,0.4,2179,0.2
7/2/22,0-4,Unknown,,471,,0,,0,,0,
4/22/23,0-4,Unknown,,2798,,1976,,7,,627,
3/26/22,65+,"Asian, non-Latinx",26955,19828,0.7,18553,0.7,14999,0.6,0,0
9/16/23,30-49,"Black, non-Latinx",197825,134125,0.7,119970,0.6,48803,0.2,24056,0.1
4/16/22,65+,Latinx,71039,55828,0.8,52260,0.7,40009,0.6,0,0
6/26/21,18-29,Latinx,147161,86492,0.6,76668,0.5,0,0,0,0
3/11/23,50-64,Latinx,114048,108286,0.9,99786,0.9,67529,0.6,31495,0.3
1/2/21,18-29,"White, non-Latinx",187581,5255,0,0,0,0,0,0,0
10/1/22,30-49,Latinx,226340,199717,0.9,181209,0.8,90415,0.4,6884,0
12/24/22,18-29,Unknown,,21069,,15073,,3617,,2155,
8/12/23,0-4,All,162797,33911,0.2,18070,0.1,84,0,12363,0.1
10/2/21,65+,"Black, non-Latinx",125967,86513,0.7,81107,0.6,4667,0,0,0
8/6/22,50-64,Unknown,,15716,,12721,,4641,,0,
8/19/23,18-29,"Other, non-Latinx",11506,23222,1,17483,1,5047,0.4,2526,0.2
1/16/21,50-64,"Other, non-Latinx",3063,551,0.2,117,0,0,0,0,0
2/19/22,65+,"Other, non-Latinx",3206,7851,1,6706,1,3883,1,0,0
3/12/22,18-29,Latinx,147161,128002,0.9,113389,0.8,40012,0.3,0,0
8/5/23,30-49,Unknown,,33762,,25615,,7813,,4675,
7/9/22,18-29,"Black, non-Latinx",139472,72798,0.5,60779,0.4,17289,0.1,0,0
2/5/22,30-49,"Other, non-Latinx",10186,29884,1,25061,1,8294,0.8,0,0
3/6/21,50-64,"Other, non-Latinx",3063,1960,0.6,1037,0.3,0,0,0,0
9/16/23,0-4,Unknown,,3022,,1977,,7,,1242,
4/16/22,18-29,Latinx,147161,128766,0.9,114181,0.8,41823,0.3,0,0
8/13/22,18-29,"Black, non-Latinx",139472,73516,0.5,61382,0.4,18100,0.1,0,0
9/3/22,50-64,"Asian, non-Latinx",27117,25232,0.9,23154,0.9,17225,0.6,8,0
11/5/22,50-64,Latinx,114048,107456,0.9,99695,0.9,67492,0.6,15423,0.1
2/5/22,50-64,Unknown,,14956,,12281,,3906,,0,
12/19/20,30-49,"White, non-Latinx",310259,3163,0,0,0,0,0,0,0
6/26/21,50-64,"Other, non-Latinx",3063,9348,1,8267,1,0,0,0,0
11/12/22,50-64,Latinx,114048,107543,0.9,99704,0.9,67493,0.6,17293,0.2
7/29/23,0-4,"Other, non-Latinx",6925,1497,0.2,669,0.1,0,0,513,0.1
10/1/22,18-29,"Black, non-Latinx",139472,74354,0.5,61999,0.4,18393,0.1,1176,0
7/30/22,30-49,"Other, non-Latinx",10186,30708,1,25893,1,9669,0.9,0,0
6/19/21,17-Dec,"White, non-Latinx",35643,17836,0.5,14867,0.4,0,0,0,0
4/30/22,50-64,Latinx,114048,105754,0.9,98986,0.9,64145,0.6,0,0
6/18/22,65+,"Black, non-Latinx",125967,92422,0.7,87610,0.7,68087,0.5,0,0
6/17/23,30-49,"White, non-Latinx",310259,242489,0.8,222270,0.7,155097,0.5,101406,0.3
2/25/23,65+,"Asian, non-Latinx",26955,20526,0.8,18983,0.7,15994,0.6,9858,0.4
9/2/23,18-29,Latinx,147161,134297,0.9,115929,0.8,45865,0.3,18738,0.1
12/26/20,30-49,"White, non-Latinx",310259,6362,0,0,0,0,0,0,0
12/31/22,30-49,Latinx,226340,201895,0.9,181458,0.8,90474,0.4,29400,0.1
9/10/22,0-4,Latinx,54903,3960,0.1,795,0,3,0,0,0
4/1/23,50-64,"Black, non-Latinx",145449,120992,0.8,111978,0.8,69245,0.5,36300,0.2
7/10/21,18-29,"Asian, non-Latinx",41068,32814,0.8,30443,0.7,0,0,0,0
6/12/21,18-29,"Asian, non-Latinx",41068,31862,0.8,28754,0.7,0,0,0,0
12/19/20,18-29,"Other, non-Latinx",11506,127,0,0,0,0,0,0,0
10/30/21,50-64,"Asian, non-Latinx",27117,22962,0.8,21933,0.8,2633,0.1,0,0
8/27/22,18-29,Latinx,147161,130306,0.9,115233,0.8,45660,0.3,0,0
4/23/22,18-29,"Black, non-Latinx",139472,71307,0.5,59503,0.4,15756,0.1,0,0
3/11/23,30-49,All,809519,699091,0.9,625327,0.8,347252,0.4,182798,0.2
12/10/22,18-29,Latinx,147161,132038,0.9,115602,0.8,45818,0.3,10931,0.1
1/1/22,50-64,"Black, non-Latinx",145449,113411,0.8,105336,0.7,43993,0.3,0,0
2/26/22,50-64,Unknown,,15137,,12457,,4126,,0,
8/7/21,30-49,"Other, non-Latinx",10186,21280,1,18751,1,0,0,0,0
4/29/23,50-64,"Black, non-Latinx",145449,121094,0.8,112010,0.8,69251,0.5,37139,0.3
12/17/22,0-4,All,162797,26982,0.2,15869,0.1,38,0,270,0
2/18/23,65+,"Black, non-Latinx",125967,95660,0.8,88290,0.7,70451,0.6,48093,0.4
4/10/21,65+,Latinx,71039,42857,0.6,34198,0.5,0,0,0,0
9/16/23,18-29,All,526788,453545,0.9,375815,0.7,161688,0.3,81360,0.2
5/22/21,18-29,Unknown,,12600,,10212,,0,,0,
12/26/20,30-49,All,809519,12483,0,0,0,0,0,0,0
11/20/21,50-64,Unknown,,13338,,11538,,1135,,0,
12/25/21,30-49,"Black, non-Latinx",197825,115265,0.6,103160,0.5,23634,0.1,0,0
2/20/21,18-29,"Asian, non-Latinx",41068,5010,0.1,3344,0.1,0,0,0,0
2/19/22,30-49,All,809519,671664,0.8,609712,0.8,314326,0.4,0,0
1/15/22,65+,Unknown,,10519,,8521,,3231,,0,
2/13/21,18-29,"White, non-Latinx",187581,20198,0.1,10481,0.1,0,0,0,0
9/4/21,30-49,"Asian, non-Latinx",64910,48732,0.8,46268,0.7,330,0,0,0
1/9/21,18-29,"Asian, non-Latinx",41068,2192,0.1,476,0,0,0,0,0
6/17/23,0-4,Latinx,54903,8710,0.2,3248,0.1,30,0,2282,0
8/26/23,18-29,"Black, non-Latinx",139472,77478,0.6,63428,0.5,18460,0.1,9558,0.1
3/25/23,0-4,Unknown,,2738,,1945,,6,,474,
4/24/21,17-Dec,Latinx,76627,3832,0,545,0,0,0,0,0
6/18/22,50-64,"White, non-Latinx",149921,118109,0.8,112324,0.7,81473,0.5,0,0
7/2/22,0-4,"Other, non-Latinx",6925,150,0,0,0,0,0,0,0
6/3/23,18-29,All,526788,451997,0.9,375792,0.7,161660,0.3,77639,0.1
5/22/21,50-64,"White, non-Latinx",149921,100358,0.7,91947,0.6,0,0,0,0
1/30/21,18-29,All,526788,28717,0.1,12546,0,0,0,0,0
9/17/22,30-49,Latinx,226340,199348,0.9,181154,0.8,90401,0.4,2840,0
1/28/23,18-29,"Black, non-Latinx",139472,75990,0.5,62919,0.5,18430,0.1,6563,0
5/22/21,50-64,Unknown,,10506,,8277,,0,,0,
6/26/21,65+,Latinx,71039,49473,0.7,46698,0.7,0,0,0,0
2/25/23,30-49,Latinx,226340,202705,0.9,181567,0.8,90492,0.4,34545,0.2
10/30/21,30-49,Latinx,226340,176042,0.8,163796,0.7,7601,0,0,0
6/5/21,65+,"Other, non-Latinx",3206,5892,1,5225,1,0,0,0,0
11/12/22,30-49,Unknown,,32709,,25526,,7795,,2886,
1/23/21,18-29,"Black, non-Latinx",139472,1574,0,432,0,0,0,0,0
8/13/22,18-29,Unknown,,19540,,14991,,3582,,0,
6/19/21,65+,All,362629,254504,0.7,239137,0.7,0,0,0,0
7/3/21,65+,"Asian, non-Latinx",26955,17903,0.7,16966,0.6,0,0,0,0
7/17/21,30-49,"Black, non-Latinx",197825,80497,0.4,71880,0.4,0,0,0,0
6/11/22,50-64,"White, non-Latinx",149921,118073,0.8,112257,0.7,81353,0.5,0,0
4/16/22,65+,"Other, non-Latinx",3206,7921,1,6774,1,4081,1,0,0
5/15/21,65+,"White, non-Latinx",135462,89842,0.7,84324,0.6,0,0,0,0
2/13/21,50-64,"Other, non-Latinx",3063,1282,0.4,578,0.2,0,0,0,0
9/17/22,50-64,Latinx,114048,106831,0.9,99641,0.9,67471,0.6,1925,0
4/22/23,18-29,"White, non-Latinx",187581,152246,0.8,127892,0.7,67841,0.4,36177,0.2
5/28/22,30-49,All,809519,680128,0.8,619605,0.8,337227,0.4,0,0
12/17/22,0-4,Unknown,,2488,,1785,,6,,19,
3/20/21,50-64,All,439599,141106,0.3,66373,0.2,0,0,0,0
2/18/23,30-49,"Black, non-Latinx",197825,132920,0.7,119640,0.6,48768,0.2,20064,0.1
2/4/23,18-29,Unknown,,21272,,15080,,3619,,2409,
7/8/23,30-49,"Black, non-Latinx",197825,133843,0.7,119967,0.6,48792,0.2,23297,0.1
6/24/23,30-49,"White, non-Latinx",310259,242506,0.8,222270,0.7,155097,0.5,101478,0.3
4/17/21,11-May,Latinx,83432,0,0,0,0,0,0,0,0
9/3/22,0-4,Latinx,54903,3774,0.1,689,0,2,0,0,0
3/4/23,18-29,"Other, non-Latinx",11506,23038,1,17469,1,5047,0.4,2217,0.2
10/29/22,30-49,Latinx,226340,200603,0.9,181292,0.8,90441,0.4,15846,0.1
2/11/23,30-49,"Black, non-Latinx",197825,132860,0.7,119599,0.6,48768,0.2,19754,0.1
1/21/23,50-64,Latinx,114048,108099,0.9,99758,0.9,67518,0.6,28403,0.2
5/20/23,18-29,Latinx,147161,133629,0.9,115925,0.8,45855,0.3,17172,0.1
9/4/21,30-49,All,809519,571931,0.7,527725,0.7,3014,0,0,0
12/24/22,0-4,"Other, non-Latinx",6925,1087,0.2,551,0.1,0,0,4,0
1/28/23,30-49,All,809519,697705,0.9,624912,0.8,347223,0.4,174619,0.2
12/31/22,30-49,"Black, non-Latinx",197825,132409,0.7,119319,0.6,48758,0.2,17474,0.1
1/1/22,30-49,"White, non-Latinx",310259,231731,0.7,216984,0.7,126069,0.4,0,0
2/20/21,18-29,Latinx,147161,10507,0.1,4365,0,0,0,0,0
6/10/23,30-49,Unknown,,33706,,25614,,7813,,4589,
7/10/21,30-49,"White, non-Latinx",310259,207958,0.7,199136,0.6,0,0,0,0
2/13/21,65+,"Asian, non-Latinx",26955,5587,0.2,1124,0,0,0,0,0
1/28/23,30-49,"White, non-Latinx",310259,242005,0.8,222187,0.7,155088,0.5,96736,0.3
12/25/21,18-29,"Other, non-Latinx",11506,19284,1,15671,1,2479,0.2,0,0
1/29/22,30-49,Latinx,226340,192598,0.9,173235,0.8,72069,0.3,0,0
12/24/22,30-49,"Other, non-Latinx",10186,31478,1,26015,1,9770,1,3924,0.4
1/14/23,65+,All,362629,297413,0.8,273572,0.8,218812,0.6,144021,0.4
7/31/21,18-29,Latinx,147161,93484,0.6,84144,0.6,0,0,0,0
11/19/22,18-29,Latinx,147161,131749,0.9,115535,0.8,45810,0.3,8906,0.1
3/26/22,65+,"Black, non-Latinx",125967,91770,0.7,86651,0.7,64205,0.5,0,0
9/3/22,17-Dec,"White, non-Latinx",35643,26170,0.7,24105,0.7,11939,0.3,0,0
7/1/23,30-49,"Other, non-Latinx",10186,31765,1,26070,1,9778,1,4776,0.5
8/14/21,18-29,All,526788,325000,0.6,291679,0.6,35,0,0,0
11/6/21,65+,"Other, non-Latinx",3206,7222,1,6346,1,1584,0.5,0,0
11/5/22,30-49,"Black, non-Latinx",197825,131677,0.7,118903,0.6,48701,0.2,10819,0.1
2/25/23,30-49,"Other, non-Latinx",10186,31617,1,26048,1,9774,1,4408,0.4
12/17/22,50-64,"White, non-Latinx",149921,119690,0.8,112889,0.8,82698,0.6,49267,0.3
9/4/21,65+,All,362629,266100,0.7,251216,0.7,4574,0,0,0
9/9/23,0-4,"White, non-Latinx",42995,13788,0.3,9556,0.2,37,0,5467,0.1
3/27/21,50-64,Unknown,,5366,,2693,,0,,0,
4/2/22,30-49,Latinx,226340,197053,0.9,179832,0.8,84754,0.4,0,0
9/10/22,50-64,"Asian, non-Latinx",27117,25248,0.9,23154,0.9,17227,0.6,295,0
9/10/22,50-64,Unknown,,15805,,12755,,4697,,40,
3/13/21,65+,Unknown,,4704,,2135,,0,,0,
9/4/21,17-Dec,Unknown,,2219,,1706,,0,,0,
8/20/22,50-64,Unknown,,15753,,12732,,4675,,0,
7/9/22,0-4,"Other, non-Latinx",6925,211,0,0,0,0,0,0,0
9/16/23,50-64,All,439599,407335,0.9,372647,0.8,246931,0.6,144250,0.3
4/15/23,50-64,Latinx,114048,108406,1,99802,0.9,67531,0.6,32689,0.3
8/19/23,30-49,Unknown,,33786,,25615,,7813,,4703,
10/1/22,30-49,Unknown,,31955,,25474,,7788,,1131,
5/20/23,50-64,Unknown,,16683,,12793,,4707,,2279,
8/7/21,50-64,"Black, non-Latinx",145449,98188,0.7,89486,0.6,0,0,0,0
9/10/22,18-29,"Other, non-Latinx",11506,22241,1,17351,1,5037,0.4,57,0
8/6/22,30-49,All,809519,683202,0.8,621978,0.8,344749,0.4,0,0
3/12/22,50-64,Unknown,,15196,,12513,,4202,,0,
1/16/21,30-49,"Other, non-Latinx",10186,1394,0.1,566,0.1,0,0,0,0
8/5/23,65+,All,362629,298898,0.8,273691,0.8,218891,0.6,162676,0.4
12/31/22,65+,"White, non-Latinx",135462,103599,0.8,97433,0.7,80733,0.6,60887,0.4
5/29/21,18-29,"Other, non-Latinx",11506,11613,1,9380,0.8,0,0,0,0
5/8/21,50-64,"Asian, non-Latinx",27117,19167,0.7,15417,0.6,0,0,0,0
12/10/22,0-4,Unknown,,2458,,1760,,5,,0,
9/4/21,50-64,Latinx,114048,95858,0.8,90497,0.8,437,0,0,0
9/2/23,30-49,"Other, non-Latinx",10186,31823,1,26070,1,9779,1,4891,0.5
11/6/21,30-49,Unknown,,25535,,22411,,1540,,0,
1/9/21,30-49,"Other, non-Latinx",10186,1137,0.1,329,0,0,0,0,0
8/19/23,50-64,"Black, non-Latinx",145449,121305,0.8,112014,0.8,69271,0.5,38712,0.3
4/29/23,30-49,"Other, non-Latinx",10186,31696,1,26068,1,9778,1,4628,0.5
10/8/22,50-64,"White, non-Latinx",149921,118947,0.8,112844,0.8,82670,0.6,20865,0.1
6/10/23,30-49,"Other, non-Latinx",10186,31746,1,26070,1,9778,1,4736,0.5
10/22/22,30-49,"Other, non-Latinx",10186,31128,1,25971,1,9764,1,2119,0.2
11/13/21,65+,"Other, non-Latinx",3206,7280,1,6385,1,1885,0.6,0,0
4/10/21,18-29,"Other, non-Latinx",11506,6102,0.5,2968,0.3,0,0,0,0
10/29/22,50-64,Unknown,,16164,,12772,,4701,,1091,
11/13/21,18-29,All,526788,366560,0.7,330035,0.6,24717,0,0,0
2/4/23,17-Dec,"Other, non-Latinx",3047,5388,1,4219,1,969,0.3,424,0.1
8/13/22,0-4,"Asian, non-Latinx",9998,1354,0.1,295,0,0,0,0,0
7/23/22,50-64,"Black, non-Latinx",145449,118768,0.8,111159,0.8,67829,0.5,0,0
5/1/21,30-49,Unknown,,18219,,12245,,0,,0,
10/16/21,30-49,Latinx,226340,174538,0.8,161946,0.7,3860,0,0,0
9/4/21,18-29,Unknown,,14614,,12911,,22,,0,
4/3/21,65+,Unknown,,6649,,3909,,0,,0,
10/22/22,11-May,"Other, non-Latinx",6225,3924,0.6,3255,0.5,502,0.1,56,0
5/8/21,18-29,"White, non-Latinx",187581,108083,0.6,82889,0.4,0,0,0,0
2/11/23,65+,"Black, non-Latinx",125967,95624,0.8,88284,0.7,70448,0.6,47587,0.4
10/9/21,30-49,"White, non-Latinx",310259,218917,0.7,209545,0.7,9311,0,0,0
1/21/23,0-4,All,162797,28553,0.2,16750,0.1,52,0,1910,0
8/6/22,50-64,"Other, non-Latinx",3063,14004,1,11831,1,5406,1,0,0
2/12/22,30-49,"Other, non-Latinx",10186,30007,1,25271,1,8523,0.8,0,0
4/2/22,18-29,"Black, non-Latinx",139472,70851,0.5,59022,0.4,15271,0.1,0,0
10/8/22,65+,Unknown,,11365,,8855,,4143,,562,
9/18/21,18-29,Latinx,147161,104446,0.7,93292,0.6,236,0,0,0
11/20/21,30-49,Unknown,,26054,,22655,,2220,,0,
7/24/21,18-29,Unknown,,13994,,12421,,0,,0,
5/8/21,50-64,"Other, non-Latinx",3063,7717,1,5507,1,0,0,0,0
2/25/23,65+,Latinx,71039,57695,0.8,53077,0.7,43047,0.6,25120,0.4
11/6/21,18-29,All,526788,364025,0.7,328118,0.6,19369,0,0,0
9/25/21,50-64,All,439599,358637,0.8,336265,0.8,5008,0,0,0
7/29/23,18-29,Unknown,,21555,,15097,,3621,,2743,
12/18/21,65+,All,362629,280909,0.8,263103,0.7,163382,0.5,0,0
8/13/22,50-64,Latinx,114048,106650,0.9,99557,0.9,67109,0.6,0,0
9/18/21,65+,"Other, non-Latinx",3206,6737,1,6050,1,109,0,0,0
11/27/21,30-49,Latinx,226340,179149,0.8,166409,0.7,22342,0.1,0,0
3/12/22,65+,"Other, non-Latinx",3206,7875,1,6726,1,3959,1,0,0
6/10/23,30-49,"Asian, non-Latinx",64910,55920,0.9,50103,0.8,35304,0.5,19459,0.3
4/29/23,18-29,All,526788,451238,0.9,375781,0.7,161650,0.3,75652,0.1
8/6/22,50-64,"Asian, non-Latinx",27117,25172,0.9,23122,0.9,17152,0.6,0,0
3/18/23,50-64,Latinx,114048,108319,1,99789,0.9,67529,0.6,31802,0.3
8/5/23,50-64,"Black, non-Latinx",145449,121281,0.8,112014,0.8,69267,0.5,38567,0.3
7/24/21,30-49,All,809519,537316,0.7,500982,0.6,0,0,0,0
1/30/21,30-49,Latinx,226340,9710,0,3113,0,0,0,0,0
11/19/22,30-49,"White, non-Latinx",310259,241009,0.8,222076,0.7,155067,0.5,78891,0.3
11/27/21,18-29,"Black, non-Latinx",139472,56177,0.4,47236,0.3,2531,0,0,0
7/15/23,30-49,"Asian, non-Latinx",64910,55938,0.9,50104,0.8,35304,0.5,19571,0.3
5/28/22,17-Dec,"White, non-Latinx",35643,26040,0.7,23973,0.7,10565,0.3,0,0
6/3/23,65+,Unknown,,11896,,8875,,4149,,2258,
3/12/22,65+,"Asian, non-Latinx",26955,19805,0.7,18540,0.7,14892,0.6,0,0
12/18/21,50-64,"Asian, non-Latinx",27117,23746,0.9,22293,0.8,10523,0.4,0,0
4/24/21,65+,"Asian, non-Latinx",26955,16275,0.6,14230,0.5,0,0,0,0
3/4/23,0-4,"White, non-Latinx",42995,12656,0.3,9323,0.2,24,0,2114,0
2/4/23,30-49,"Other, non-Latinx",10186,31571,1,26034,1,9773,1,4289,0.4
4/30/22,18-29,"Other, non-Latinx",11506,21900,1,17152,1,4719,0.4,0,0
4/2/22,50-64,"Black, non-Latinx",145449,117614,0.8,109869,0.8,62210,0.4,0,0
4/17/21,50-64,All,439599,253282,0.6,166686,0.4,0,0,0,0
1/16/21,30-49,"Asian, non-Latinx",64910,4938,0.1,2186,0,0,0,0,0
7/29/23,65+,"White, non-Latinx",135462,103928,0.8,97457,0.7,80738,0.6,65616,0.5
10/23/21,50-64,"Asian, non-Latinx",27117,22886,0.8,21884,0.8,1862,0.1,0,0
3/25/23,65+,"Other, non-Latinx",3206,8429,1,6962,1,4458,1,2978,0.9
7/29/23,30-49,Latinx,226340,203994,0.9,181668,0.8,90505,0.4,39212,0.2
1/14/23,18-29,"Black, non-Latinx",139472,75831,0.5,62819,0.4,18429,0.1,6252,0
9/16/23,18-29,"Other, non-Latinx",11506,23235,1,17483,1,5048,0.4,2548,0.2
7/1/23,18-29,Latinx,147161,133900,0.9,115926,0.8,45858,0.3,17838,0.1
2/13/21,50-64,Latinx,114048,11733,0.1,2781,0,0,0,0,0
5/1/21,50-64,"Black, non-Latinx",145449,76112,0.5,57432,0.4,0,0,0,0
8/19/23,30-49,"White, non-Latinx",310259,242602,0.8,222271,0.7,155097,0.5,102005,0.3
12/10/22,0-4,"Other, non-Latinx",6925,1036,0.2,522,0.1,0,0,0,0
6/4/22,30-49,Unknown,,31148,,25304,,7525,,0,
12/11/21,65+,"Other, non-Latinx",3206,7494,1,6507,1,2900,0.9,0,0
7/2/22,30-49,All,809519,681624,0.8,620864,0.8,340988,0.4,0,0
6/12/21,30-49,"Other, non-Latinx",10186,18684,1,16292,1,0,0,0,0
7/23/22,0-4,All,162797,11344,0.1,605,0,0,0,0,0
5/28/22,50-64,"Black, non-Latinx",145449,118279,0.8,110617,0.8,65501,0.4,0,0
8/21/21,30-49,"Other, non-Latinx",10186,22173,1,19302,1,37,0,0,0
11/5/22,65+,"Asian, non-Latinx",26955,20384,0.8,18970,0.7,15993,0.6,6224,0.2
2/26/22,18-29,"Asian, non-Latinx",41068,41552,1,35401,0.9,18843,0.5,0,0
1/23/21,30-49,Latinx,226340,7054,0,2101,0,0,0,0,0
9/2/23,65+,All,362629,299012,0.8,273694,0.8,218897,0.6,163391,0.5
6/3/23,18-29,Unknown,,21505,,15097,,3620,,2680,
5/6/23,30-49,"Other, non-Latinx",10186,31716,1,26069,1,9778,1,4659,0.5
8/20/22,30-49,"Other, non-Latinx",10186,30762,1,25922,1,9724,1,0,0
10/15/22,50-64,"White, non-Latinx",149921,119054,0.8,112851,0.8,82672,0.6,25389,0.2
6/19/21,11-May,Unknown,,0,,0,,0,,0,
2/12/22,30-49,Latinx,226340,194795,0.9,176289,0.8,77886,0.3,0,0
3/26/22,18-29,All,526788,427513,0.8,366815,0.7,147403,0.3,0,0
6/18/22,18-29,"Other, non-Latinx",11506,22050,1,17237,1,4871,0.4,0,0
5/22/21,65+,"Asian, non-Latinx",26955,17247,0.6,15863,0.6,0,0,0,0
10/16/21,18-29,Latinx,147161,108017,0.7,97851,0.7,1330,0,0,0
11/19/22,65+,Unknown,,11631,,8863,,4147,,1421,
9/18/21,50-64,"Other, non-Latinx",3063,11279,1,9876,1,88,0,0,0
7/8/23,0-4,Unknown,,2930,,1977,,7,,1055,
10/23/21,18-29,"Black, non-Latinx",139472,52749,0.4,43925,0.3,638,0,0,0
3/25/23,65+,"White, non-Latinx",135462,103752,0.8,97455,0.7,80738,0.6,63962,0.5
5/1/21,50-64,"Asian, non-Latinx",27117,18689,0.7,14123,0.5,0,0,0,0
11/5/22,0-4,"Other, non-Latinx",6925,892,0.1,415,0.1,0,0,0,0
5/14/22,18-29,"Black, non-Latinx",139472,71736,0.5,59897,0.4,16181,0.1,0,0
7/23/22,18-29,Latinx,147161,129973,0.9,115002,0.8,44775,0.3,0,0
8/26/23,18-29,"Other, non-Latinx",11506,23227,1,17483,1,5047,0.4,2532,0.2
4/29/23,65+,"Asian, non-Latinx",26955,20558,0.8,18983,0.7,15994,0.6,10342,0.4
10/15/22,18-29,"Asian, non-Latinx",41068,43084,1,35914,0.9,20833,0.5,3610,0.1
5/22/21,65+,Latinx,71039,47932,0.7,44068,0.6,0,0,0,0
9/24/22,18-29,Latinx,147161,130650,0.9,115347,0.8,45771,0.3,1816,0
9/24/22,50-64,Latinx,114048,106896,0.9,99648,0.9,67476,0.6,3516,0
10/9/21,65+,"Other, non-Latinx",3206,6956,1,6184,1,554,0.2,0,0
5/8/21,50-64,Unknown,,9748,,6987,,0,,0,
2/18/23,65+,Latinx,71039,57679,0.8,53074,0.7,43047,0.6,24820,0.3
4/23/22,65+,Unknown,,10814,,8726,,3805,,0,
4/24/21,65+,"Black, non-Latinx",125967,73123,0.6,62798,0.5,0,0,0,0
10/15/22,0-4,Unknown,,2184,,1276,,4,,0,
5/14/22,30-49,"Asian, non-Latinx",64910,54279,0.8,49805,0.8,34395,0.5,0,0
3/25/23,0-4,"Asian, non-Latinx",9998,2715,0.3,1542,0.2,6,0,511,0.1
12/10/22,30-49,Latinx,226340,201555,0.9,181417,0.8,90466,0.4,26223,0.1
7/24/21,30-49,Latinx,226340,155524,0.7,144024,0.6,0,0,0,0
6/12/21,50-64,"Black, non-Latinx",145449,89495,0.6,79739,0.5,0,0,0,0
2/18/23,65+,"White, non-Latinx",135462,103708,0.8,97444,0.7,80735,0.6,63262,0.5
4/15/23,65+,Latinx,71039,57783,0.8,53087,0.7,43053,0.6,26590,0.4
12/25/21,50-64,Latinx,114048,101585,0.9,95796,0.8,38924,0.3,0,0
2/12/22,50-64,"Asian, non-Latinx",27117,24606,0.9,22648,0.8,15600,0.6,0,0
1/30/21,50-64,Unknown,,1288,,505,,0,,0,
11/20/21,11-May,Unknown,,1568,,0,,0,,0,
9/24/22,65+,"Asian, non-Latinx",26955,20246,0.8,18962,0.7,15984,0.6,1652,0.1
11/19/22,50-64,All,439599,403307,0.9,372075,0.8,246723,0.6,93456,0.2
2/11/23,18-29,"Other, non-Latinx",11506,23006,1,17456,1,5045,0.4,2155,0.2
2/11/23,65+,Unknown,,11813,,8870,,4149,,2000,
8/13/22,18-29,"Other, non-Latinx",11506,22191,1,17323,1,5004,0.4,0,0
4/22/23,30-49,Latinx,226340,203207,0.9,181664,0.8,90497,0.4,36995,0.2
3/18/23,18-29,"Other, non-Latinx",11506,23060,1,17474,1,5047,0.4,2252,0.2
8/27/22,50-64,Latinx,114048,106716,0.9,99610,0.9,67384,0.6,0,0
10/2/21,30-49,"Black, non-Latinx",197825,101302,0.5,88364,0.4,1181,0,0,0
3/4/23,50-64,"White, non-Latinx",149921,119880,0.8,112914,0.8,82702,0.6,54352,0.4
3/13/21,65+,Latinx,71039,32921,0.5,18462,0.3,0,0,0,0
6/24/23,65+,"Other, non-Latinx",3206,8453,1,6963,1,4460,1,3118,1
7/9/22,65+,Latinx,71039,56339,0.8,52733,0.7,42016,0.6,0,0
2/19/22,65+,"Black, non-Latinx",125967,91445,0.7,86217,0.7,62172,0.5,0,0
9/10/22,18-29,"Black, non-Latinx",139472,73980,0.5,61783,0.4,18380,0.1,179,0
9/3/22,65+,All,362629,290848,0.8,273146,0.8,218343,0.6,163,0
4/24/21,30-49,Unknown,,17205,,10579,,0,,0,
7/29/23,50-64,All,439599,407041,0.9,372642,0.8,246916,0.6,143102,0.3
7/16/22,50-64,"Black, non-Latinx",145449,118696,0.8,111087,0.8,67451,0.5,0,0
5/1/21,50-64,"Other, non-Latinx",3063,7299,1,4801,1,0,0,0,0
10/2/21,30-49,Latinx,226340,172467,0.8,159637,0.7,1820,0,0,0
5/6/23,65+,"White, non-Latinx",135462,103826,0.8,97456,0.7,80738,0.6,64700,0.5
10/23/21,18-29,Unknown,,15238,,13436,,419,,0,
8/21/21,65+,All,362629,264148,0.7,249102,0.7,1619,0,0,0
7/2/22,18-29,"Asian, non-Latinx",41068,42279,1,35784,0.9,20475,0.5,0,0
12/3/22,18-29,"White, non-Latinx",187581,151030,0.8,127786,0.7,67827,0.4,28561,0.2
9/11/21,50-64,Unknown,,12476,,10894,,48,,0,
3/27/21,18-29,Latinx,147161,32287,0.2,14161,0.1,0,0,0,0
12/3/22,65+,All,362629,296312,0.8,273499,0.8,218762,0.6,124051,0.3
7/3/21,30-49,"Black, non-Latinx",197825,78264,0.4,69260,0.4,0,0,0,0
5/14/22,18-29,All,526788,430547,0.8,369192,0.7,152822,0.3,0,0
12/24/22,0-4,"White, non-Latinx",42995,11902,0.3,8759,0.2,15,0,267,0
12/17/22,50-64,"Asian, non-Latinx",27117,25618,0.9,23190,0.9,17232,0.6,6976,0.3
8/5/23,0-4,"Other, non-Latinx",6925,1506,0.2,669,0.1,0,0,533,0.1
5/20/23,30-49,"Asian, non-Latinx",64910,55903,0.9,50103,0.8,35304,0.5,19366,0.3
12/31/22,18-29,Latinx,147161,132304,0.9,115646,0.8,45833,0.3,12564,0.1
11/20/21,17-Dec,"Asian, non-Latinx",8804,7293,0.8,6776,0.8,18,0,0,0
3/6/21,65+,All,362629,150491,0.4,79283,0.2,0,0,0,0
6/19/21,30-49,Latinx,226340,147131,0.6,133417,0.6,0,0,0,0
3/6/21,18-29,Unknown,,3296,,2268,,0,,0,
7/17/21,65+,"Black, non-Latinx",125967,82204,0.7,76849,0.6,0,0,0,0
3/6/21,18-29,All,526788,59236,0.1,35279,0.1,0,0,0,0
2/12/22,50-64,"Black, non-Latinx",145449,116528,0.8,108183,0.7,57417,0.4,0,0
12/25/21,30-49,Latinx,226340,182852,0.8,168748,0.7,45409,0.2,0,0
3/20/21,18-29,"White, non-Latinx",187581,38567,0.2,23069,0.1,0,0,0,0
3/25/23,30-49,"Asian, non-Latinx",64910,55832,0.9,50099,0.8,35303,0.5,18948,0.3
9/9/23,18-29,Unknown,,21582,,15097,,3621,,2784,
5/6/23,18-29,"White, non-Latinx",187581,152286,0.8,127894,0.7,67842,0.4,36340,0.2
1/29/22,18-29,Latinx,147161,124297,0.8,107436,0.7,33350,0.2,0,0
5/8/21,18-29,"Asian, non-Latinx",41068,28617,0.7,20407,0.5,0,0,0,0
5/15/21,30-49,All,809519,470639,0.6,398785,0.5,0,0,0,0
4/15/23,18-29,"Asian, non-Latinx",41068,44205,1,35975,0.9,20843,0.5,9846,0.2
5/29/21,65+,"White, non-Latinx",135462,91061,0.7,86557,0.6,0,0,0,0
4/3/21,18-29,Unknown,,6016,,3366,,0,,0,
3/27/21,65+,Unknown,,6115,,3180,,0,,0,
1/21/23,18-29,"Asian, non-Latinx",41068,44047,1,35958,0.9,20839,0.5,9091,0.2
2/6/21,50-64,"Other, non-Latinx",3063,1073,0.4,430,0.1,0,0,0,0
9/16/23,50-64,"Asian, non-Latinx",27117,25915,1,23215,0.9,17232,0.6,9074,0.3
3/11/23,65+,Unknown,,11827,,8871,,4149,,2078,
11/20/21,18-29,Unknown,,15749,,13639,,840,,0,
12/31/22,18-29,"White, non-Latinx",187581,151577,0.8,127807,0.7,67832,0.4,32509,0.2
1/14/23,50-64,"Asian, non-Latinx",27117,25715,0.9,23200,0.9,17232,0.6,7892,0.3
12/17/22,0-4,"Other, non-Latinx",6925,1060,0.2,541,0.1,0,0,2,0
3/5/22,30-49,"White, non-Latinx",310259,236150,0.8,220358,0.7,148786,0.5,0,0
8/19/23,30-49,All,809519,702320,0.9,625698,0.8,347298,0.4,194592,0.2
2/27/21,18-29,"Black, non-Latinx",139472,4251,0,2017,0,0,0,0,0
6/25/22,65+,Unknown,,11006,,8803,,3990,,0,
7/3/21,30-49,Unknown,,22240,,19634,,0,,0,
6/24/23,50-64,"White, non-Latinx",149921,119999,0.8,112922,0.8,82707,0.6,55813,0.4
11/12/22,65+,"Other, non-Latinx",3206,8332,1,6955,1,4455,1,2041,0.6
7/30/22,50-64,Unknown,,15693,,12715,,4622,,0,
3/4/23,11-May,All,210448,118979,0.6,103578,0.5,21213,0.1,18674,0.1
7/30/22,50-64,"Black, non-Latinx",145449,118812,0.8,111221,0.8,68101,0.5,0,0
1/8/22,18-29,"White, non-Latinx",187581,140841,0.8,123845,0.7,50802,0.3,0,0
10/9/21,65+,All,362629,270635,0.7,255331,0.7,32184,0.1,0,0
3/18/23,50-64,"Black, non-Latinx",145449,120928,0.8,111958,0.8,69242,0.5,35780,0.2
11/26/22,50-64,"Other, non-Latinx",3063,14267,1,11866,1,5460,1,1900,0.6
1/8/22,30-49,"Asian, non-Latinx",64910,52667,0.8,48786,0.8,27388,0.4,0,0
5/8/21,65+,"Other, non-Latinx",3206,5524,1,4638,1,0,0,0,0
2/6/21,18-29,"Other, non-Latinx",11506,1345,0.1,705,0.1,0,0,0,0
2/26/22,18-29,All,526788,424565,0.8,363047,0.7,142007,0.3,0,0
4/9/22,18-29,"Black, non-Latinx",139472,71025,0.5,59209,0.4,15449,0.1,0,0
8/21/21,50-64,"White, non-Latinx",149921,107616,0.7,102781,0.7,644,0,0,0
9/18/21,30-49,All,809519,581904,0.7,537270,0.7,4274,0,0,0
3/13/21,65+,"Asian, non-Latinx",26955,11255,0.4,5876,0.2,0,0,0,0
8/14/21,30-49,"Black, non-Latinx",197825,87512,0.4,76452,0.4,8,0,0,0
9/24/22,18-29,Unknown,,19828,,15017,,3608,,360,
12/4/21,50-64,"Other, non-Latinx",3063,12579,1,10963,1,2108,0.7,0,0
9/11/21,65+,Unknown,,9334,,7928,,35,,0,
11/27/21,18-29,Unknown,,15865,,13694,,969,,0,
7/30/22,65+,"Other, non-Latinx",3206,8093,1,6927,1,4392,1,0,0
9/4/21,65+,"White, non-Latinx",135462,95111,0.7,91415,0.7,3249,0,0,0
2/20/21,65+,"Asian, non-Latinx",26955,6787,0.3,1795,0.1,0,0,0,0
4/3/21,30-49,"Other, non-Latinx",10186,8357,0.8,4416,0.4,0,0,0,0
2/18/23,18-29,"Black, non-Latinx",139472,76175,0.5,63055,0.5,18434,0.1,6930,0
8/12/23,0-4,Unknown,,2985,,1977,,7,,1176,
12/11/21,50-64,"Black, non-Latinx",145449,111844,0.8,104139,0.7,32194,0.2,0,0
4/10/21,65+,"Other, non-Latinx",3206,4820,1,3612,1,0,0,0,0
5/8/21,65+,"Asian, non-Latinx",26955,16857,0.6,15149,0.6,0,0,0,0
7/31/21,30-49,Unknown,,22937,,20371,,0,,0,
8/14/21,65+,"Black, non-Latinx",125967,84136,0.7,78373,0.6,7,0,0,0
6/5/21,65+,"Asian, non-Latinx",26955,17533,0.6,16355,0.6,0,0,0,0
8/19/23,50-64,"Other, non-Latinx",3063,14476,1,11890,1,5466,1,2917,1
12/24/22,30-49,"White, non-Latinx",310259,241688,0.8,222129,0.7,155081,0.5,92123,0.3
2/11/23,0-4,"Other, non-Latinx",6925,1230,0.2,612,0.1,0,0,99,0
4/15/23,50-64,"Other, non-Latinx",3063,14426,1,11890,1,5464,1,2782,0.9
4/29/23,0-4,Latinx,54903,8357,0.2,3241,0.1,29,0,1382,0
8/20/22,0-4,All,162797,16578,0.1,4609,0,10,0,0,0
8/14/21,65+,All,362629,262942,0.7,248131,0.7,113,0,0,0
3/11/23,30-49,"Black, non-Latinx",197825,133067,0.7,119749,0.6,48776,0.2,20738,0.1
11/27/21,65+,"Other, non-Latinx",3206,7384,1,6457,1,2375,0.7,0,0
2/26/22,30-49,"White, non-Latinx",310259,236009,0.8,220186,0.7,148178,0.5,0,0
2/26/22,11-May,Latinx,83432,43719,0.5,36054,0.4,155,0,0,0
12/3/22,18-29,All,526788,445724,0.8,374328,0.7,161560,0.3,54244,0.1
12/4/21,30-49,"Other, non-Latinx",10186,27147,1,23597,1,3653,0.4,0,0
5/1/21,50-64,All,439599,284172,0.6,218608,0.5,0,0,0,0
5/13/23,0-4,Latinx,54903,8463,0.2,3245,0.1,29,0,1645,0
10/23/21,18-29,All,526788,358955,0.7,323919,0.6,10225,0,0,0
1/9/21,18-29,All,526788,14600,0,3181,0,0,0,0,0
5/29/21,50-64,Unknown,,10785,,8692,,0,,0,
5/29/21,50-64,"Other, non-Latinx",3063,8651,1,7230,1,0,0,0,0
6/25/22,18-29,"Asian, non-Latinx",41068,42258,1,35773,0.9,20445,0.5,0,0
6/24/23,30-49,"Asian, non-Latinx",64910,55925,0.9,50103,0.8,35304,0.5,19516,0.3
6/25/22,0-4,"Asian, non-Latinx",9998,168,0,0,0,0,0,0,0
3/6/21,30-49,"Other, non-Latinx",10186,4013,0.4,2389,0.2,0,0,0,0
8/28/21,30-49,Latinx,226340,165519,0.7,151809,0.7,329,0,0,0
11/27/21,65+,"Black, non-Latinx",125967,88930,0.7,83696,0.7,37366,0.3,0,0
4/2/22,50-64,"White, non-Latinx",149921,117500,0.8,110981,0.7,79056,0.5,0,0
3/13/21,65+,All,362629,172150,0.5,101634,0.3,0,0,0,0
6/12/21,50-64,"Asian, non-Latinx",27117,21013,0.8,19473,0.7,0,0,0,0
8/12/23,65+,All,362629,298925,0.8,273691,0.8,218894,0.6,162869,0.4
8/26/23,65+,"Black, non-Latinx",125967,96039,0.8,88325,0.7,70492,0.6,52899,0.4
5/13/23,50-64,Unknown,,16677,,12793,,4707,,2265,
2/12/22,50-64,All,439599,391734,0.9,362945,0.8,217200,0.5,0,0
8/14/21,65+,"White, non-Latinx",135462,94105,0.7,90601,0.7,84,0,0,0
8/6/22,0-4,"Other, non-Latinx",6925,449,0.1,54,0,0,0,0,0
6/11/22,65+,"Asian, non-Latinx",26955,20030,0.7,18820,0.7,15669,0.6,0,0
7/29/23,30-49,"Other, non-Latinx",10186,31793,1,26070,1,9779,1,4826,0.5
5/27/23,65+,Unknown,,11893,,8875,,4149,,2247,
8/7/21,50-64,"White, non-Latinx",149921,106684,0.7,101882,0.7,0,0,0,0
9/25/21,18-29,Unknown,,14918,,13132,,35,,0,
9/24/22,50-64,Unknown,,15892,,12762,,4697,,284,
9/3/22,30-49,Latinx,226340,199095,0.9,181106,0.8,90374,0.4,20,0
10/23/21,50-64,"Other, non-Latinx",3063,11979,1,10501,1,483,0.2,0,0
9/11/21,30-49,All,809519,576823,0.7,532234,0.7,3649,0,0,0
9/3/22,50-64,Latinx,114048,106743,0.9,99624,0.9,67452,0.6,18,0
1/22/22,50-64,"Asian, non-Latinx",27117,24413,0.9,22523,0.8,14714,0.5,0,0
4/24/21,18-29,"Black, non-Latinx",139472,21327,0.2,11722,0.1,0,0,0,0
7/30/22,50-64,All,439599,398504,0.9,371040,0.8,244341,0.6,0,0
2/13/21,17-Dec,"Black, non-Latinx",57964,36,0,8,0,0,0,0,0
5/8/21,65+,"Black, non-Latinx",125967,75838,0.6,67422,0.5,0,0,0,0
7/31/21,50-64,"Other, non-Latinx",3063,10020,1,8893,1,0,0,0,0
1/28/23,50-64,Unknown,,16547,,12782,,4706,,2013,
5/6/23,65+,"Other, non-Latinx",3206,8438,1,6963,1,4458,1,3051,1
3/26/22,50-64,"Black, non-Latinx",145449,117502,0.8,109728,0.8,61681,0.4,0,0
5/29/21,30-49,"White, non-Latinx",310259,202193,0.7,188397,0.6,0,0,0,0
1/8/22,30-49,Unknown,,28510,,23612,,5725,,0,
7/1/23,30-49,Unknown,,33731,,25614,,7813,,4627,
5/13/23,50-64,"Asian, non-Latinx",27117,25836,1,23214,0.9,17232,0.6,8842,0.3
6/12/21,30-49,"Asian, non-Latinx",64910,45298,0.7,41923,0.6,0,0,0,0
11/5/22,65+,All,362629,295118,0.8,273404,0.8,218697,0.6,99964,0.3
11/5/22,0-4,"White, non-Latinx",42995,10925,0.3,7460,0.2,11,0,0,0
6/10/23,0-4,"Other, non-Latinx",6925,1431,0.2,669,0.1,0,0,378,0.1
12/11/21,50-64,"Asian, non-Latinx",27117,23608,0.9,22250,0.8,9192,0.3,0,0
7/9/22,65+,"Asian, non-Latinx",26955,20086,0.7,18880,0.7,15803,0.6,0,0
9/11/21,65+,"Black, non-Latinx",125967,85577,0.7,80081,0.6,856,0,0,0
3/26/22,65+,All,362629,286930,0.8,268043,0.7,203179,0.6,0,0
8/26/23,30-49,"White, non-Latinx",310259,242611,0.8,222271,0.7,155097,0.5,102055,0.3
12/17/22,65+,All,362629,296825,0.8,273528,0.8,218799,0.6,134132,0.4
3/25/23,30-49,"Black, non-Latinx",197825,133167,0.7,119823,0.6,48780,0.2,21104,0.1
4/8/23,50-64,Latinx,114048,108385,1,99797,0.9,67531,0.6,32491,0.3
9/24/22,65+,All,362629,291879,0.8,273238,0.8,218449,0.6,30225,0.1
6/24/23,50-64,"Black, non-Latinx",145449,121211,0.8,112013,0.8,69262,0.5,38152,0.3
8/20/22,0-4,"White, non-Latinx",42995,8423,0.2,2987,0.1,4,0,0,0
2/13/21,30-49,"White, non-Latinx",310259,41945,0.1,17917,0.1,0,0,0,0
1/15/22,18-29,"Asian, non-Latinx",41068,39966,1,34730,0.8,15723,0.4,0,0
10/8/22,30-49,"Black, non-Latinx",197825,131129,0.7,118656,0.6,48670,0.2,5456,0
8/12/23,18-29,Latinx,147161,134189,0.9,115929,0.8,45864,0.3,18469,0.1
9/11/21,50-64,"White, non-Latinx",149921,109042,0.7,104121,0.7,1848,0,0,0
12/18/21,18-29,All,526788,383387,0.7,338436,0.6,72339,0.1,0,0
9/16/23,0-4,"White, non-Latinx",42995,13799,0.3,9556,0.2,37,0,5485,0.1
8/26/23,18-29,All,526788,453329,0.9,375808,0.7,161682,0.3,80931,0.2
5/13/23,30-49,All,809519,700630,0.9,625680,0.8,347276,0.4,189467,0.2
10/8/22,65+,"Other, non-Latinx",3206,8221,1,6948,1,4445,1,990,0.3
6/24/23,30-49,"Black, non-Latinx",197825,133780,0.7,119967,0.6,48790,0.2,23095,0.1
1/30/21,30-49,Unknown,,3409,,1845,,0,,0,
12/31/22,50-64,"Black, non-Latinx",145449,120523,0.8,111781,0.8,69197,0.5,30372,0.2
9/3/22,65+,Latinx,71039,56613,0.8,52980,0.7,42943,0.6,17,0
7/2/22,18-29,All,526788,432964,0.8,370856,0.7,156834,0.3,0,0
8/6/22,18-29,"White, non-Latinx",187581,147080,0.8,127534,0.7,67461,0.4,0,0
6/19/21,50-64,Unknown,,11306,,9657,,0,,0,
3/11/23,18-29,"Black, non-Latinx",139472,76345,0.5,63182,0.5,18437,0.1,7195,0.1
9/18/21,30-49,"Asian, non-Latinx",64910,49050,0.8,46652,0.7,474,0,0,0
7/10/21,50-64,Latinx,114048,91054,0.8,85816,0.8,0,0,0,0
10/30/21,18-29,Unknown,,15352,,13491,,533,,0,
6/3/23,30-49,"Other, non-Latinx",10186,31740,1,26070,1,9778,1,4722,0.5
2/26/22,18-29,"White, non-Latinx",187581,145320,0.8,126318,0.7,62710,0.3,0,0
7/31/21,18-29,"White, non-Latinx",187581,121868,0.6,113168,0.6,0,0,0,0
4/15/23,18-29,Unknown,,21437,,15095,,3620,,2586,
5/28/22,50-64,Unknown,,15493,,12643,,4489,,0,
12/3/22,50-64,Latinx,114048,107737,0.9,99721,0.9,67502,0.6,21635,0.2
8/26/23,0-4,"White, non-Latinx",42995,13743,0.3,9556,0.2,37,0,5393,0.1
7/8/23,65+,"Black, non-Latinx",125967,95988,0.8,88324,0.7,70486,0.6,52486,0.4
8/20/22,18-29,"Other, non-Latinx",11506,22205,1,17327,1,5019,0.4,0,0
5/13/23,18-29,Unknown,,21478,,15097,,3620,,2643,
8/26/23,50-64,"Black, non-Latinx",145449,121316,0.8,112014,0.8,69271,0.5,38769,0.3
4/17/21,65+,"Other, non-Latinx",3206,5048,1,3999,1,0,0,0,0
7/2/22,50-64,Unknown,,15604,,12688,,4560,,0,
2/18/23,0-4,Unknown,,2658,,1894,,6,,314,
7/22/23,18-29,"White, non-Latinx",187581,152440,0.8,127895,0.7,67845,0.4,36967,0.2
7/16/22,0-4,Latinx,54903,1484,0,2,0,0,0,0,0
1/22/22,30-49,All,809519,659926,0.8,594798,0.7,286298,0.4,0,0
2/6/21,50-64,"White, non-Latinx",149921,16125,0.1,5903,0,0,0,0,0
7/10/21,30-49,All,809519,528505,0.7,492301,0.6,0,0,0,0
1/14/23,30-49,Unknown,,33307,,25575,,7807,,4035,
11/26/22,18-29,"White, non-Latinx",187581,150869,0.8,127773,0.7,67824,0.4,27375,0.1
6/5/21,30-49,Latinx,226340,142091,0.6,124720,0.6,0,0,0,0
7/8/23,18-29,"Other, non-Latinx",11506,23183,1,17483,1,5047,0.4,2468,0.2
10/15/22,0-4,"Other, non-Latinx",6925,797,0.1,319,0,0,0,0,0
5/7/22,18-29,"Other, non-Latinx",11506,21923,1,17169,1,4740,0.4,0,0
1/30/21,30-49,"White, non-Latinx",310259,27633,0.1,11028,0,0,0,0,0
12/24/22,18-29,"White, non-Latinx",187581,151523,0.8,127800,0.7,67832,0.4,32028,0.2
9/16/23,50-64,Latinx,114048,108773,1,99810,0.9,67540,0.6,34806,0.3
8/6/22,50-64,All,439599,398712,0.9,371188,0.8,244919,0.6,0,0
8/12/23,65+,"Other, non-Latinx",3206,8468,1,6963,1,4461,1,3148,1
11/19/22,11-May,Latinx,83432,49355,0.6,43075,0.5,7013,0.1,2185,0
10/15/22,11-May,Latinx,83432,48894,0.6,42760,0.5,6932,0.1,19,0
2/26/22,65+,Unknown,,10718,,8654,,3622,,0,
12/24/22,30-49,Unknown,,33164,,25559,,7805,,3782,
10/23/21,50-64,Latinx,114048,98370,0.9,93430,0.8,4258,0,0,0
10/29/22,65+,"Other, non-Latinx",3206,8296,1,6949,1,4454,1,1724,0.5
8/5/23,0-4,Unknown,,2976,,1977,,7,,1158,
11/19/22,50-64,Unknown,,16270,,12776,,4704,,1410,
2/11/23,30-49,All,809519,698240,0.9,625072,0.8,347233,0.4,177973,0.2
10/22/22,50-64,"Asian, non-Latinx",27117,25424,0.9,23170,0.9,17230,0.6,3703,0.1
11/13/21,30-49,"White, non-Latinx",310259,223358,0.7,212925,0.7,46501,0.2,0,0
7/8/23,30-49,Latinx,226340,203830,0.9,181668,0.8,90504,0.4,38848,0.2
10/8/22,18-29,Latinx,147161,130967,0.9,115391,0.8,45781,0.3,3655,0
9/11/21,18-29,Unknown,,14722,,12987,,27,,0,
2/25/23,50-64,"Other, non-Latinx",3063,14406,1,11881,1,5463,1,2683,0.9
5/21/22,30-49,"White, non-Latinx",310259,237100,0.8,221240,0.7,152569,0.5,0,0
11/12/22,30-49,All,809519,692846,0.9,623925,0.8,347079,0.4,124209,0.2
8/19/23,18-29,"Asian, non-Latinx",41068,44298,1,35976,0.9,20845,0.5,10234,0.2
6/5/21,18-29,"Asian, non-Latinx",41068,31483,0.8,27797,0.7,0,0,0,0
1/28/23,0-4,"Other, non-Latinx",6925,1188,0.2,595,0.1,0,0,74,0
4/23/22,18-29,"White, non-Latinx",187581,146123,0.8,126920,0.7,65056,0.3,0,0
8/5/23,50-64,"White, non-Latinx",149921,120026,0.8,112922,0.8,82707,0.6,55994,0.4
11/27/21,30-49,"Black, non-Latinx",197825,111030,0.6,99773,0.5,11979,0.1,0,0
4/8/23,65+,Latinx,71039,57765,0.8,53082,0.7,43052,0.6,26415,0.4
11/12/22,18-29,All,526788,443957,0.8,374047,0.7,161531,0.3,44670,0.1
4/1/23,30-49,"White, non-Latinx",310259,242273,0.8,222248,0.7,155095,0.5,99913,0.3
2/11/23,30-49,"White, non-Latinx",310259,242084,0.8,222210,0.7,155089,0.5,97798,0.3
11/13/21,18-29,"Black, non-Latinx",139472,54871,0.4,46164,0.3,1587,0,0,0
4/8/23,0-4,Unknown,,2767,,1958,,7,,539,
6/24/23,30-49,Unknown,,33723,,25614,,7813,,4615,
8/27/22,50-64,"Asian, non-Latinx",27117,25228,0.9,23149,0.9,17215,0.6,0,0
5/15/21,18-29,"White, non-Latinx",187581,110616,0.6,92632,0.5,0,0,0,0
4/23/22,18-29,"Other, non-Latinx",11506,21877,1,17146,1,4692,0.4,0,0
6/3/23,17-Dec,"Asian, non-Latinx",8804,8075,0.9,7534,0.9,3610,0.4,1722,0.2
8/27/22,30-49,Latinx,226340,199034,0.9,181078,0.8,90281,0.4,0,0
6/19/21,65+,Unknown,,8802,,7354,,0,,0,
7/3/21,18-29,All,526788,301982,0.6,272061,0.5,0,0,0,0
9/9/23,50-64,"Other, non-Latinx",3063,14482,1,11890,1,5466,1,2936,1
4/9/22,30-49,Latinx,226340,197175,0.9,179953,0.8,85197,0.4,0,0
7/2/22,30-49,"Other, non-Latinx",10186,30618,1,25850,1,9559,0.9,0,0
12/18/21,65+,"Other, non-Latinx",3206,7565,1,6535,1,3098,1,0,0
2/6/21,50-64,Unknown,,1586,,710,,0,,0,
6/10/23,0-4,Unknown,,2888,,1977,,7,,924,
6/10/23,18-29,All,526788,452121,0.9,375794,0.7,161660,0.3,77949,0.1
12/3/22,50-64,"Asian, non-Latinx",27117,25579,0.9,23186,0.9,17232,0.6,6366,0.2
6/24/23,30-49,Latinx,226340,203746,0.9,181668,0.8,90504,0.4,38614,0.2
4/16/22,50-64,Unknown,,15307,,12583,,4350,,0,
5/6/23,30-49,All,809519,700442,0.9,625678,0.8,347274,0.4,188809,0.2
7/2/22,65+,Latinx,71039,56306,0.8,52703,0.7,41925,0.6,0,0
1/15/22,30-49,All,809519,654739,0.8,591887,0.7,273180,0.3,0,0
11/26/22,50-64,"Black, non-Latinx",145449,120182,0.8,111685,0.8,69142,0.5,23888,0.2
1/29/22,30-49,"Black, non-Latinx",197825,123515,0.6,108569,0.5,35254,0.2,0,0
8/27/22,0-4,Unknown,,1725,,565,,3,,0,
5/22/21,18-29,"White, non-Latinx",187581,113411,0.6,98801,0.5,0,0,0,0
3/18/23,30-49,"White, non-Latinx",310259,242231,0.8,222239,0.7,155094,0.5,99457,0.3
7/29/23,18-29,Latinx,147161,134105,0.9,115928,0.8,45863,0.3,18270,0.1
8/20/22,50-64,All,439599,399063,0.9,371411,0.8,245812,0.6,0,0
8/26/23,18-29,"Asian, non-Latinx",41068,44302,1,35976,0.9,20845,0.5,10245,0.2
3/12/22,30-49,"Other, non-Latinx",10186,30239,1,25602,1,8935,0.9,0,0
10/16/21,65+,"Other, non-Latinx",3206,7012,1,6216,1,723,0.2,0,0
5/6/23,18-29,Latinx,147161,133509,0.9,115925,0.8,45853,0.3,16857,0.1
6/19/21,30-49,"Black, non-Latinx",197825,75682,0.4,65841,0.3,0,0,0,0
7/10/21,50-64,"Asian, non-Latinx",27117,21636,0.8,20530,0.8,0,0,0,0
7/15/23,50-64,"Other, non-Latinx",3063,14462,1,11890,1,5466,1,2890,0.9
1/7/23,65+,"Asian, non-Latinx",26955,20497,0.8,18981,0.7,15994,0.6,9054,0.3
10/9/21,30-49,"Black, non-Latinx",197825,103099,0.5,90221,0.5,1755,0,0,0
9/18/21,17-Dec,"White, non-Latinx",35643,22506,0.6,20292,0.6,28,0,0,0
8/21/21,65+,"White, non-Latinx",135462,94471,0.7,90860,0.7,1225,0,0,0
8/26/23,18-29,Latinx,147161,134255,0.9,115929,0.8,45864,0.3,18643,0.1
1/28/23,18-29,Unknown,,21248,,15079,,3619,,2383,
9/24/22,50-64,"Other, non-Latinx",3063,14096,1,11852,1,5455,1,439,0.1
1/1/22,30-49,"Other, non-Latinx",10186,28329,1,24088,1,6276,0.6,0,0
1/22/22,50-64,"Black, non-Latinx",145449,115311,0.8,106779,0.7,52338,0.4,0,0
4/10/21,50-64,"Black, non-Latinx",145449,61725,0.4,36966,0.3,0,0,0,0
2/13/21,65+,Latinx,71039,18000,0.3,2303,0,0,0,0,0
7/16/22,18-29,Unknown,,19449,,14957,,3528,,0,
2/5/22,50-64,"Asian, non-Latinx",27117,24549,0.9,22604,0.8,15388,0.6,0,0
10/1/22,65+,Unknown,,11321,,8852,,4140,,418,
12/11/21,18-29,"Asian, non-Latinx",41068,37792,0.9,34119,0.8,8111,0.2,0,0
8/13/22,50-64,All,439599,398905,0.9,371304,0.8,245359,0.6,0,0
6/26/21,65+,"Black, non-Latinx",125967,81087,0.6,75414,0.6,0,0,0,0
8/21/21,18-29,"Other, non-Latinx",11506,14963,1,12501,1,10,0,0,0
2/20/21,65+,"White, non-Latinx",135462,48571,0.4,17585,0.1,0,0,0,0
6/26/21,18-29,All,526788,298606,0.6,267720,0.5,0,0,0,0
4/23/22,50-64,"Asian, non-Latinx",27117,24845,0.9,22875,0.8,16513,0.6,0,0
3/5/22,18-29,All,526788,425508,0.8,364433,0.7,143730,0.3,0,0
6/25/22,18-29,"Black, non-Latinx",139472,72559,0.5,60560,0.4,16988,0.1,0,0
4/1/23,0-4,Latinx,54903,8101,0.1,3167,0.1,27,0,1059,0
5/28/22,50-64,Latinx,114048,106003,0.9,99170,0.9,65149,0.6,0,0
5/22/21,50-64,"Asian, non-Latinx",27117,20187,0.7,17779,0.7,0,0,0,0
4/17/21,65+,All,362629,229136,0.6,194893,0.5,0,0,0,0
12/4/21,18-29,Unknown,,16031,,13756,,1197,,0,
5/15/21,18-29,"Asian, non-Latinx",41068,29474,0.7,23686,0.6,0,0,0,0
4/15/23,0-4,"Other, non-Latinx",6925,1357,0.2,668,0.1,0,0,205,0
5/20/23,65+,Unknown,,11886,,8875,,4149,,2234,
1/15/22,30-49,Latinx,226340,189141,0.8,170903,0.8,62341,0.3,0,0
4/24/21,30-49,All,809519,422804,0.5,287161,0.4,0,0,0,0
12/24/22,0-4,Unknown,,2503,,1796,,6,,45,
1/22/22,18-29,"Black, non-Latinx",139472,65365,0.5,52102,0.4,11423,0.1,0,0
12/11/21,30-49,"Asian, non-Latinx",64910,51462,0.8,48325,0.7,18834,0.3,0,0
5/20/23,30-49,"White, non-Latinx",310259,242426,0.8,222269,0.7,155097,0.5,101035,0.3
12/24/22,50-64,Unknown,,16444,,12778,,4706,,1803,
2/25/23,18-29,"Other, non-Latinx",11506,23026,1,17464,1,5046,0.4,2197,0.2
3/4/23,65+,Unknown,,11824,,8871,,4149,,2059,
7/23/22,11-May,"Other, non-Latinx",6225,3758,0.6,3125,0.5,292,0,0,0
10/1/22,65+,"Black, non-Latinx",125967,93281,0.7,88108,0.7,70248,0.6,9491,0.1
3/5/22,30-49,"Black, non-Latinx",197825,126801,0.6,114258,0.6,40554,0.2,0,0
9/4/21,50-64,Unknown,,12399,,10813,,38,,0,
9/10/22,18-29,All,526788,436246,0.8,372970,0.7,161395,0.3,2273,0
9/9/23,0-4,"Other, non-Latinx",6925,1559,0.2,669,0.1,0,0,608,0.1
12/3/22,0-4,Latinx,54903,6285,0.1,2399,0,12,0,0,0
2/20/21,65+,Latinx,71039,21220,0.3,4501,0.1,0,0,0,0
3/13/21,65+,"White, non-Latinx",135462,68421,0.5,44915,0.3,0,0,0,0
10/22/22,0-4,Unknown,,2233,,1368,,4,,0,
7/3/21,30-49,"White, non-Latinx",310259,207330,0.7,198273,0.6,0,0,0,0
2/19/22,18-29,"Asian, non-Latinx",41068,41435,1,35328,0.9,18651,0.5,0,0
2/4/23,0-4,All,162797,29139,0.2,16993,0.1,56,0,2711,0
3/19/22,30-49,All,809519,675677,0.8,615570,0.8,324960,0.4,0,0
1/9/21,30-49,"Asian, non-Latinx",64910,4061,0.1,1184,0,0,0,0,0
5/8/21,30-49,"Asian, non-Latinx",64910,41342,0.6,32874,0.5,0,0,0,0
4/8/23,65+,All,362629,298175,0.8,273672,0.8,218853,0.6,156283,0.4
4/17/21,18-29,All,526788,199105,0.4,107843,0.2,0,0,0,0
7/24/21,30-49,Unknown,,22739,,20209,,0,,0,
8/19/23,50-64,"White, non-Latinx",149921,120039,0.8,112922,0.8,82707,0.6,56051,0.4
2/27/21,18-29,Unknown,,2982,,2042,,0,,0,
4/15/23,30-49,"Asian, non-Latinx",64910,55857,0.9,50102,0.8,35303,0.5,19120,0.3
8/20/22,65+,"Other, non-Latinx",3206,8118,1,6937,1,4423,1,0,0
2/27/21,30-49,Latinx,226340,28790,0.1,10625,0,0,0,0,0
3/13/21,18-29,"Black, non-Latinx",139472,6252,0,3178,0,0,0,0,0
10/2/21,50-64,"Black, non-Latinx",145449,106040,0.7,97492,0.7,2063,0,0,0
11/12/22,50-64,"White, non-Latinx",149921,119438,0.8,112867,0.8,82686,0.6,40014,0.3
6/24/23,18-29,"Asian, non-Latinx",41068,44272,1,35975,0.9,20843,0.5,10129,0.2
11/26/22,30-49,"Black, non-Latinx",197825,131975,0.7,119056,0.6,48716,0.2,13783,0.1
7/29/23,65+,"Other, non-Latinx",3206,8462,1,6963,1,4460,1,3139,1
3/6/21,65+,Unknown,,3997,,1642,,0,,0,
6/17/23,65+,"White, non-Latinx",135462,103888,0.8,97457,0.7,80738,0.6,65352,0.5
6/12/21,50-64,Unknown,,11145,,9360,,0,,0,
2/6/21,65+,"Asian, non-Latinx",26955,3961,0.1,537,0,0,0,0,0
1/23/21,17-Dec,"Asian, non-Latinx",8804,9,0,1,0,0,0,0,0
11/12/22,0-4,Unknown,,2328,,1567,,5,,0,
1/14/23,0-4,Unknown,,2558,,1842,,6,,144,
7/16/22,30-49,"Black, non-Latinx",197825,129769,0.7,117656,0.6,47138,0.2,0,0
11/19/22,30-49,Unknown,,32784,,25531,,7795,,3076,
7/30/22,0-4,"Other, non-Latinx",6925,403,0.1,34,0,0,0,0,0
6/18/22,65+,"Asian, non-Latinx",26955,20040,0.7,18838,0.7,15709,0.6,0,0
9/17/22,18-29,"Black, non-Latinx",139472,74089,0.5,61856,0.4,18385,0.1,462,0
5/27/23,65+,"Other, non-Latinx",3206,8444,1,6963,1,4459,1,3086,1
4/16/22,65+,"White, non-Latinx",135462,101227,0.7,95906,0.7,77863,0.6,0,0
3/20/21,18-29,All,526788,87943,0.2,47870,0.1,0,0,0,0
6/4/22,65+,"Black, non-Latinx",125967,92333,0.7,87496,0.7,67603,0.5,0,0
7/30/22,50-64,"White, non-Latinx",149921,118334,0.8,112681,0.8,82314,0.5,0,0
4/22/23,0-4,Latinx,54903,8314,0.2,3240,0.1,29,0,1272,0
7/17/21,65+,"Asian, non-Latinx",26955,18023,0.7,17131,0.6,0,0,0,0
10/15/22,50-64,All,439599,401409,0.9,371873,0.8,246639,0.6,50635,0.1
7/3/21,30-49,All,809519,524695,0.6,487153,0.6,0,0,0,0
7/1/23,50-64,"Asian, non-Latinx",27117,25882,1,23214,0.9,17232,0.6,8974,0.3
7/1/23,0-4,Unknown,,2923,,1977,,7,,1038,
5/21/22,18-29,Latinx,147161,129247,0.9,114530,0.8,42943,0.3,0,0
1/15/22,17-Dec,"Other, non-Latinx",3047,4837,1,3710,1,321,0.1,0,0
8/6/22,11-May,Unknown,,3712,,2892,,444,,0,
9/10/22,30-49,"Asian, non-Latinx",64910,54643,0.8,50003,0.8,35291,0.5,882,0
5/1/21,50-64,Latinx,114048,77867,0.7,59271,0.5,0,0,0,0
3/18/23,50-64,All,439599,405958,0.9,372552,0.8,246874,0.6,135674,0.3
5/28/22,30-49,"Black, non-Latinx",197825,128984,0.7,116896,0.6,45417,0.2,0,0
6/4/22,30-49,All,809519,680448,0.8,619876,0.8,337990,0.4,0,0
6/26/21,65+,"White, non-Latinx",135462,92374,0.7,88841,0.7,0,0,0,0
1/15/22,50-64,"Asian, non-Latinx",27117,24304,0.9,22484,0.8,14075,0.5,0,0
3/19/22,50-64,All,439599,393878,0.9,365989,0.8,227138,0.5,0,0
10/9/21,18-29,"Black, non-Latinx",139472,50892,0.4,42074,0.3,352,0,0,0
10/29/22,65+,Latinx,71039,57149,0.8,53025,0.7,43024,0.6,12364,0.2
1/14/23,0-4,"White, non-Latinx",42995,12137,0.3,8999,0.2,19,0,821,0
2/12/22,30-49,Unknown,,30253,,24570,,6920,,0,
8/7/21,18-29,"Asian, non-Latinx",41068,33637,0.8,31283,0.8,0,0,0,0
5/6/23,0-4,"White, non-Latinx",42995,13088,0.3,9551,0.2,34,0,3386,0.1
8/20/22,30-49,All,809519,683812,0.8,622342,0.8,345971,0.4,0,0
5/29/21,30-49,"Asian, non-Latinx",64910,44285,0.7,39744,0.6,0,0,0,0
11/19/22,18-29,"Other, non-Latinx",11506,22711,1,17407,1,5043,0.4,1397,0.1
5/14/22,65+,Latinx,71039,55989,0.8,52436,0.7,40821,0.6,0,0
3/25/23,50-64,"White, non-Latinx",149921,119904,0.8,112917,0.8,82702,0.6,54785,0.4
5/6/23,0-4,"Asian, non-Latinx",9998,2792,0.3,1557,0.2,6,0,706,0.1
5/7/22,30-49,"White, non-Latinx",310259,236960,0.8,221109,0.7,151930,0.5,0,0
3/13/21,50-64,"Asian, non-Latinx",27117,6371,0.2,3551,0.1,0,0,0,0
3/25/23,18-29,"White, non-Latinx",187581,152152,0.8,127869,0.7,67839,0.4,35792,0.2
7/23/22,50-64,All,439599,398313,0.9,370868,0.8,243689,0.6,0,0
11/20/21,50-64,"White, non-Latinx",149921,113057,0.8,107688,0.7,34454,0.2,0,0
12/4/21,30-49,"Black, non-Latinx",197825,112096,0.6,100708,0.5,14546,0.1,0,0
12/17/22,18-29,Latinx,147161,132113,0.9,115619,0.8,45826,0.3,11603,0.1
2/13/21,30-49,"Other, non-Latinx",10186,2809,0.3,1486,0.1,0,0,0,0
10/29/22,0-4,"Asian, non-Latinx",9998,2085,0.2,1055,0.1,3,0,0,0
7/3/21,50-64,Unknown,,11538,,9995,,0,,0,
3/25/23,0-4,"White, non-Latinx",42995,12822,0.3,9431,0.2,28,0,2519,0.1
6/25/22,65+,All,362629,289571,0.8,271898,0.8,213974,0.6,0,0
6/17/23,65+,Latinx,71039,57879,0.8,53089,0.7,43056,0.6,27737,0.4
11/27/21,65+,Unknown,,9983,,8274,,1760,,0,
5/27/23,65+,Latinx,71039,57849,0.8,53088,0.7,43054,0.6,27453,0.4
7/15/23,0-4,Unknown,,2944,,1977,,7,,1089,
4/10/21,18-29,"Black, non-Latinx",139472,15686,0.1,7799,0.1,0,0,0,0
12/18/21,50-64,Latinx,114048,101198,0.9,95625,0.8,35224,0.3,0,0
9/10/22,18-29,"White, non-Latinx",187581,147384,0.8,127647,0.7,67786,0.4,1267,0
3/5/22,50-64,Latinx,114048,105213,0.9,98463,0.9,61183,0.5,0,0
4/10/21,50-64,"White, non-Latinx",149921,79989,0.5,45689,0.3,0,0,0,0
7/23/22,65+,"Asian, non-Latinx",26955,20126,0.7,18913,0.7,15862,0.6,0,0
12/3/22,50-64,Unknown,,16357,,12777,,4705,,1593,
1/30/21,65+,All,362629,48407,0.1,3968,0,0,0,0,0
3/25/23,65+,Unknown,,11836,,8873,,4149,,2111,
12/19/20,65+,"Black, non-Latinx",125967,56,0,0,0,0,0,0,0
11/12/22,18-29,"White, non-Latinx",187581,150422,0.8,127758,0.7,67821,0.4,24078,0.1
4/24/21,18-29,"White, non-Latinx",187581,99506,0.5,60536,0.3,0,0,0,0
4/8/23,18-29,"Black, non-Latinx",139472,76587,0.5,63340,0.5,18444,0.1,7543,0.1
5/22/21,30-49,"Black, non-Latinx",197825,68001,0.3,54958,0.3,0,0,0,0
1/22/22,30-49,"Black, non-Latinx",197825,122156,0.6,107148,0.5,33426,0.2,0,0
9/25/21,50-64,Unknown,,12626,,11043,,74,,0,
1/29/22,50-64,"White, non-Latinx",149921,116885,0.8,110027,0.7,75209,0.5,0,0
2/5/22,50-64,"Other, non-Latinx",3063,13582,1,11466,1,4530,1,0,0
6/25/22,0-4,"Other, non-Latinx",6925,64,0,0,0,0,0,0,0
7/8/23,50-64,"Other, non-Latinx",3063,14462,1,11890,1,5466,1,2888,0.9
10/2/21,18-29,"Other, non-Latinx",11506,16773,1,14027,1,122,0,0,0
8/19/23,30-49,"Asian, non-Latinx",64910,55955,0.9,50105,0.8,35305,0.5,19657,0.3
6/24/23,65+,"Asian, non-Latinx",26955,20609,0.8,18983,0.7,15994,0.6,10627,0.4
3/12/22,50-64,"Asian, non-Latinx",27117,24723,0.9,22756,0.8,16091,0.6,0,0
10/1/22,50-64,"Other, non-Latinx",3063,14118,1,11855,1,5458,1,611,0.2
3/25/23,18-29,All,526788,450488,0.9,375548,0.7,161640,0.3,73606,0.1
6/10/23,18-29,"White, non-Latinx",187581,152360,0.8,127894,0.7,67844,0.4,36663,0.2
9/2/23,0-4,Unknown,,3011,,1977,,7,,1226,
7/2/22,65+,"Other, non-Latinx",3206,8042,1,6903,1,4327,1,0,0
4/29/23,18-29,"White, non-Latinx",187581,152264,0.8,127893,0.7,67842,0.4,36258,0.2
10/15/22,30-49,Unknown,,32249,,25493,,7793,,1831,
8/21/21,50-64,Unknown,,12229,,10636,,9,,0,
10/23/21,30-49,"Black, non-Latinx",197825,106064,0.5,93777,0.5,3264,0,0,0
2/18/23,18-29,All,526788,449589,0.9,375187,0.7,161619,0.3,70931,0.1
2/13/21,18-29,Latinx,147161,8938,0.1,3510,0,0,0,0,0
11/19/22,18-29,"White, non-Latinx",187581,150709,0.8,127764,0.7,67823,0.4,26131,0.1
1/21/23,18-29,Latinx,147161,132637,0.9,115697,0.8,45836,0.3,13762,0.1
1/7/23,50-64,Latinx,114048,108024,0.9,99746,0.9,67514,0.6,26962,0.2
5/6/23,30-49,"Asian, non-Latinx",64910,55889,0.9,50103,0.8,35304,0.5,19268,0.3
9/17/22,50-64,All,439599,399819,0.9,371709,0.8,246556,0.6,12740,0
5/29/21,65+,Unknown,,8547,,6998,,0,,0,
5/8/21,17-Dec,"Asian, non-Latinx",8804,1219,0.1,430,0,0,0,0,0
6/24/23,0-4,"Other, non-Latinx",6925,1448,0.2,669,0.1,0,0,427,0.1
3/11/23,50-64,"Other, non-Latinx",3063,14413,1,11884,1,5463,1,2719,0.9
8/12/23,65+,Unknown,,11928,,8875,,4151,,2312,
5/8/21,30-49,"Black, non-Latinx",197825,61866,0.3,46431,0.2,0,0,0,0
11/12/22,17-Dec,"Black, non-Latinx",57964,33936,0.6,29351,0.5,6744,0.1,1678,0
7/22/23,30-49,All,809519,701884,0.9,625695,0.8,347290,0.4,193366,0.2
11/5/22,30-49,Unknown,,32608,,25519,,7795,,2649,
6/19/21,18-29,"Asian, non-Latinx",41068,32195,0.8,29385,0.7,0,0,0,0
8/14/21,18-29,"White, non-Latinx",187581,123504,0.7,114420,0.6,15,0,0,0
4/24/21,18-29,"Asian, non-Latinx",41068,25569,0.6,13905,0.3,0,0,0,0
5/6/23,30-49,Unknown,,33645,,25613,,7812,,4507,
3/26/22,18-29,"Other, non-Latinx",11506,21792,1,17077,1,4570,0.4,0,0
6/10/23,30-49,All,809519,701190,0.9,625688,0.8,347284,0.4,191298,0.2
8/6/22,30-49,"Asian, non-Latinx",64910,54535,0.8,49963,0.8,35172,0.5,0,0
6/11/22,18-29,Latinx,147161,129502,0.9,114700,0.8,43508,0.3,0,0
9/9/23,30-49,Unknown,,33818,,25615,,7813,,4742,
5/1/21,30-49,All,809519,444399,0.5,332285,0.4,0,0,0,0
3/6/21,50-64,"Asian, non-Latinx",27117,5178,0.2,2885,0.1,0,0,0,0
6/24/23,0-4,All,162797,32837,0.2,18065,0.1,83,0,10106,0.1
6/12/21,30-49,Unknown,,21512,,18534,,0,,0,
12/24/22,18-29,"Black, non-Latinx",139472,75568,0.5,62680,0.4,18425,0.1,5556,0
9/4/21,65+,"Black, non-Latinx",125967,85285,0.7,79684,0.6,635,0,0,0
6/11/22,50-64,"Asian, non-Latinx",27117,25008,0.9,23006,0.8,16857,0.6,0,0
7/23/22,18-29,Unknown,,19467,,14969,,3545,,0,
11/12/22,50-64,All,439599,403018,0.9,372039,0.8,246705,0.6,86241,0.2
10/22/22,65+,"Asian, non-Latinx",26955,20332,0.8,18965,0.7,15993,0.6,4767,0.2
1/23/21,30-49,"Black, non-Latinx",197825,5368,0,1490,0,0,0,0,0
8/7/21,50-64,Latinx,114048,93588,0.8,88113,0.8,0,0,0,0
7/2/22,50-64,All,439599,397666,0.9,370256,0.8,241452,0.5,0,0
4/9/22,30-49,"Black, non-Latinx",197825,127986,0.6,115824,0.6,43008,0.2,0,0
8/5/23,30-49,All,809519,702089,0.9,625696,0.8,347294,0.4,193920,0.2
1/15/22,50-64,"Black, non-Latinx",145449,114755,0.8,106293,0.7,49833,0.3,0,0
11/12/22,65+,All,362629,295432,0.8,273440,0.8,218714,0.6,107425,0.3
5/21/22,65+,Unknown,,10914,,8765,,3896,,0,
9/16/23,18-29,"Black, non-Latinx",139472,77542,0.6,63428,0.5,18464,0.1,9674,0.1
6/19/21,50-64,"White, non-Latinx",149921,103472,0.7,98344,0.7,0,0,0,0
9/9/23,30-49,"White, non-Latinx",310259,242638,0.8,222272,0.7,155098,0.5,102162,0.3
2/6/21,18-29,"Asian, non-Latinx",41068,4206,0.1,2495,0.1,0,0,0,0
1/7/23,18-29,"Asian, non-Latinx",41068,43975,1,35955,0.9,20839,0.5,8728,0.2
11/13/21,17-Dec,"White, non-Latinx",35643,23537,0.7,21520,0.6,79,0,0,0
9/17/22,65+,Latinx,71039,56697,0.8,52996,0.7,42969,0.6,1909,0
1/29/22,11-May,All,210448,95123,0.5,69114,0.3,250,0,0,0
12/10/22,50-64,All,439599,404062,0.9,372178,0.8,246770,0.6,108355,0.2
3/11/23,18-29,"Asian, non-Latinx",41068,44167,1,35971,0.9,20842,0.5,9621,0.2
1/7/23,30-49,All,809519,696754,0.9,624663,0.8,347197,0.4,167701,0.2
2/5/22,65+,Latinx,71039,55375,0.8,51751,0.7,37228,0.5,0,0
1/21/23,18-29,Unknown,,21221,,15078,,3619,,2343,
1/8/22,65+,"White, non-Latinx",135462,100349,0.7,94516,0.7,71617,0.5,0,0
11/12/22,0-4,"White, non-Latinx",42995,11107,0.3,7759,0.2,12,0,0,0
12/25/21,18-29,Latinx,147161,114734,0.8,103311,0.7,17854,0.1,0,0
9/10/22,30-49,"White, non-Latinx",310259,237991,0.8,221908,0.7,155022,0.5,6373,0
10/15/22,18-29,Latinx,147161,131137,0.9,115414,0.8,45790,0.3,4576,0
9/3/22,0-4,"White, non-Latinx",42995,9118,0.2,3812,0.1,4,0,0,0
7/23/22,65+,"Black, non-Latinx",125967,92600,0.7,87864,0.7,69245,0.6,0,0
1/22/22,18-29,"Asian, non-Latinx",41068,40546,1,34857,0.8,16811,0.4,0,0
1/15/22,50-64,"White, non-Latinx",149921,116470,0.8,109628,0.7,72155,0.5,0,0
12/11/21,65+,"Asian, non-Latinx",26955,19239,0.7,18227,0.7,11267,0.4,0,0
3/5/22,18-29,"Black, non-Latinx",139472,70026,0.5,57794,0.4,14345,0.1,0,0
8/5/23,50-64,"Other, non-Latinx",3063,14473,1,11890,1,5466,1,2908,0.9
1/21/23,50-64,Unknown,,16532,,12782,,4706,,1986,
5/6/23,0-4,Unknown,,2817,,1977,,7,,702,
7/23/22,0-4,Latinx,54903,1850,0,81,0,0,0,0,0
9/9/23,0-4,All,162797,34436,0.2,18073,0.1,84,0,13181,0.1
11/26/22,30-49,Latinx,226340,201246,0.9,181372,0.8,90456,0.4,23114,0.1
5/21/22,18-29,"Other, non-Latinx",11506,21974,1,17195,1,4785,0.4,0,0
7/23/22,30-49,"Other, non-Latinx",10186,30693,1,25882,1,9645,0.9,0,0
3/26/22,18-29,Latinx,147161,128357,0.9,113859,0.8,40898,0.3,0,0
5/29/21,18-29,Unknown,,12882,,10710,,0,,0,
5/15/21,30-49,Unknown,,19521,,15410,,0,,0,
9/9/23,18-29,"Other, non-Latinx",11506,23234,1,17483,1,5048,0.4,2545,0.2
7/16/22,50-64,"Asian, non-Latinx",27117,25127,0.9,23078,0.9,17051,0.6,0,0
11/12/22,0-4,All,162797,24591,0.2,13646,0.1,29,0,0,0
6/26/21,50-64,Latinx,114048,89919,0.8,84093,0.7,0,0,0,0
1/23/21,11-May,All,210448,0,0,0,0,0,0,0,0
10/1/22,65+,All,362629,292416,0.8,273266,0.8,218493,0.6,42804,0.1
1/1/22,50-64,All,439599,382645,0.9,356036,0.8,171840,0.4,0,0
1/16/21,18-29,"Other, non-Latinx",11506,810,0.1,248,0,0,0,0,0
4/16/22,50-64,"Other, non-Latinx",3063,13800,1,11708,1,5040,1,0,0
9/2/23,65+,"White, non-Latinx",135462,103951,0.8,97458,0.7,80738,0.6,65798,0.5
3/6/21,50-64,Latinx,114048,24799,0.2,8447,0.1,0,0,0,0
9/18/21,65+,Latinx,71039,51606,0.7,49021,0.7,628,0,0,0
8/21/21,65+,Latinx,71039,51034,0.7,48358,0.7,114,0,0,0
11/6/21,11-May,All,210448,5498,0,1,0,0,0,0,0
12/26/20,18-29,"Other, non-Latinx",11506,251,0,0,0,0,0,0,0
8/26/23,11-May,Latinx,83432,51479,0.6,43945,0.5,7094,0.1,9561,0.1
9/2/23,65+,"Asian, non-Latinx",26955,20642,0.8,18983,0.7,15995,0.6,10770,0.4
4/15/23,18-29,"White, non-Latinx",187581,152218,0.8,127888,0.7,67840,0.4,36097,0.2
12/25/21,30-49,"Asian, non-Latinx",64910,52058,0.8,48570,0.7,23744,0.4,0,0
3/18/23,50-64,"White, non-Latinx",149921,119898,0.8,112917,0.8,82702,0.6,54647,0.4
7/17/21,30-49,Unknown,,22556,,20050,,0,,0,
9/25/21,50-64,"Other, non-Latinx",3063,11416,1,10035,1,113,0,0,0
5/15/21,65+,Unknown,,8280,,6605,,0,,0,
7/30/22,0-4,Latinx,54903,2207,0,224,0,0,0,0,0
8/7/21,30-49,"Black, non-Latinx",197825,85739,0.4,75193,0.4,0,0,0,0
10/1/22,50-64,"Black, non-Latinx",145449,119359,0.8,111518,0.8,69063,0.5,6319,0
4/10/21,18-29,"White, non-Latinx",187581,79086,0.4,38796,0.2,0,0,0,0
6/25/22,50-64,Unknown,,15581,,12675,,4550,,0,
10/23/21,30-49,All,809519,602388,0.7,559574,0.7,31894,0,0,0
4/15/23,65+,"Other, non-Latinx",3206,8433,1,6963,1,4458,1,3011,0.9
8/13/22,65+,All,362629,290570,0.8,272927,0.8,217439,0.6,0,0
5/22/21,18-29,"Asian, non-Latinx",41068,30467,0.7,25798,0.6,0,0,0,0
3/6/21,65+,"Black, non-Latinx",125967,43472,0.3,22438,0.2,0,0,0,0
4/3/21,65+,"Other, non-Latinx",3206,4532,1,3192,1,0,0,0,0
7/17/21,65+,Latinx,71039,50023,0.7,47427,0.7,0,0,0,0
11/12/22,30-49,"White, non-Latinx",310259,240773,0.8,222064,0.7,155066,0.5,73811,0.2
2/6/21,50-64,All,439599,40507,0.1,13909,0,0,0,0,0
12/31/22,30-49,"White, non-Latinx",310259,241747,0.8,222142,0.7,155083,0.5,93085,0.3
5/28/22,18-29,"Black, non-Latinx",139472,72063,0.5,60152,0.4,16473,0.1,0,0
6/25/22,65+,"Other, non-Latinx",3206,8036,1,6892,1,4305,1,0,0
1/28/23,65+,"Black, non-Latinx",125967,95528,0.8,88274,0.7,70441,0.6,46514,0.4
2/20/21,50-64,"Black, non-Latinx",145449,16135,0.1,6656,0,0,0,0,0
4/30/22,65+,"White, non-Latinx",135462,101373,0.7,96236,0.7,78352,0.6,0,0
10/22/22,18-29,"Other, non-Latinx",11506,22507,1,17388,1,5041,0.4,878,0.1
6/10/23,17-Dec,Latinx,76627,70732,0.9,63134,0.8,20531,0.3,11558,0.2
5/20/23,0-4,All,162797,32147,0.2,18062,0.1,80,0,8039,0
6/10/23,50-64,"Black, non-Latinx",145449,121181,0.8,112013,0.8,69261,0.5,37951,0.3
4/8/23,50-64,"Other, non-Latinx",3063,14425,1,11889,1,5464,1,2775,0.9
7/29/23,30-49,"Black, non-Latinx",197825,133938,0.7,119967,0.6,48793,0.2,23548,0.1
9/3/22,30-49,"Other, non-Latinx",10186,30792,1,25936,1,9749,1,3,0
4/24/21,18-29,All,526788,225605,0.4,132483,0.3,0,0,0,0
10/9/21,65+,Unknown,,9478,,8043,,235,,0,
4/9/22,65+,Unknown,,10788,,8713,,3763,,0,
6/5/21,11-May,Latinx,83432,0,0,0,0,0,0,0,0
10/30/21,65+,All,362629,273774,0.8,257641,0.7,71096,0.2,0,0
3/27/21,65+,All,362629,204836,0.6,137739,0.4,0,0,0,0
8/5/23,30-49,"Other, non-Latinx",10186,31800,1,26070,1,9779,1,4840,0.5
10/2/21,50-64,"White, non-Latinx",149921,110076,0.7,105363,0.7,4427,0,0,0
2/5/22,18-29,Unknown,,18460,,14462,,3058,,0,
10/30/21,50-64,"White, non-Latinx",149921,111644,0.7,106733,0.7,17313,0.1,0,0
5/29/21,50-64,Latinx,114048,86146,0.8,77083,0.7,0,0,0,0
10/8/22,65+,"Asian, non-Latinx",26955,20277,0.8,18964,0.7,15989,0.6,3018,0.1
1/22/22,18-29,Latinx,147161,122744,0.8,106166,0.7,30831,0.2,0,0
3/26/22,18-29,Unknown,,19060,,14827,,3316,,0,
3/13/21,50-64,"White, non-Latinx",149921,36895,0.2,21070,0.1,0,0,0,0
9/2/23,0-4,"Asian, non-Latinx",9998,3027,0.3,1557,0.2,6,0,1259,0.1
8/6/22,18-29,Unknown,,19515,,14980,,3574,,0,
3/19/22,30-49,"Black, non-Latinx",197825,127364,0.6,115097,0.6,41755,0.2,0,0
1/28/23,50-64,"Other, non-Latinx",3063,14373,1,11876,1,5462,1,2572,0.8
7/2/22,65+,"Asian, non-Latinx",26955,20074,0.7,18864,0.7,15773,0.6,0,0
1/30/21,50-64,"Black, non-Latinx",145449,8287,0.1,2298,0,0,0,0,0
8/12/23,65+,Latinx,71039,57935,0.8,53089,0.7,43058,0.6,28204,0.4
2/6/21,18-29,"White, non-Latinx",187581,17501,0.1,8386,0,0,0,0,0
6/25/22,30-49,Unknown,,31248,,25335,,7599,,0,
8/14/21,50-64,"Other, non-Latinx",3063,10392,1,9127,1,1,0,0,0
11/20/21,50-64,"Black, non-Latinx",145449,110352,0.8,102777,0.7,19588,0.1,0,0
10/16/21,30-49,"Asian, non-Latinx",64910,49638,0.8,47319,0.7,3253,0,0,0
1/8/22,17-Dec,"Asian, non-Latinx",8804,7582,0.9,7079,0.8,849,0.1,0,0
3/18/23,30-49,Unknown,,33524,,25601,,7812,,4354,
9/17/22,50-64,"Asian, non-Latinx",27117,25282,0.9,23154,0.9,17227,0.6,780,0
7/24/21,50-64,Latinx,114048,92219,0.8,87127,0.8,0,0,0,0
5/21/22,30-49,"Black, non-Latinx",197825,128854,0.7,116738,0.6,45107,0.2,0,0
7/30/22,30-49,Unknown,,31397,,25392,,7707,,0,
11/13/21,18-29,"Asian, non-Latinx",41068,36573,0.9,33687,0.8,3465,0.1,0,0
9/16/23,18-29,Unknown,,21584,,15097,,3621,,2786,
8/20/22,65+,"White, non-Latinx",135462,101978,0.8,97330,0.7,80574,0.6,0,0
8/20/22,18-29,"Asian, non-Latinx",41068,42470,1,35854,0.9,20787,0.5,0,0
6/4/22,30-49,"Black, non-Latinx",197825,129092,0.7,116998,0.6,45662,0.2,0,0
1/16/21,30-49,Unknown,,2558,,1167,,0,,0,
7/15/23,65+,Latinx,71039,57905,0.8,53089,0.7,43057,0.6,27983,0.4
5/20/23,65+,"White, non-Latinx",135462,103852,0.8,97457,0.7,80738,0.6,65014,0.5
1/7/23,65+,All,362629,297268,0.8,273561,0.8,218805,0.6,141553,0.4
2/13/21,65+,Unknown,,2310,,385,,0,,0,
8/28/21,65+,All,362629,265190,0.7,250218,0.7,2993,0,0,0
1/28/23,30-49,Latinx,226340,202313,0.9,181516,0.8,90486,0.4,32357,0.1
7/16/22,50-64,Unknown,,15645,,12704,,4590,,0,
3/12/22,18-29,"White, non-Latinx",187581,145594,0.8,126552,0.7,63481,0.3,0,0
9/11/21,65+,Latinx,71039,51454,0.7,48867,0.7,468,0,0,0
2/26/22,30-49,All,809519,673039,0.8,611997,0.8,317884,0.4,0,0
4/30/22,65+,Unknown,,10837,,8733,,3836,,0,
4/30/22,18-29,Unknown,,19211,,14880,,3388,,0,
11/20/21,18-29,Latinx,147161,111263,0.8,101088,0.7,6089,0,0,0
7/15/23,50-64,Unknown,,16727,,12793,,4707,,2338,
6/25/22,65+,"Black, non-Latinx",125967,92446,0.7,87658,0.7,68313,0.5,0,0
5/7/22,65+,Latinx,71039,55935,0.8,52396,0.7,40638,0.6,0,0
6/3/23,50-64,"Other, non-Latinx",3063,14451,1,11890,1,5465,1,2861,0.9
11/27/21,30-49,Unknown,,26275,,22785,,2597,,0,
4/9/22,65+,All,362629,287380,0.8,268797,0.7,205196,0.6,0,0
8/7/21,50-64,"Asian, non-Latinx",27117,22083,0.8,21044,0.8,0,0,0,0
12/19/20,18-29,All,526788,2904,0,0,0,0,0,0,0
10/2/21,65+,All,362629,269683,0.7,254539,0.7,21539,0.1,0,0
8/27/22,65+,"Black, non-Latinx",125967,92736,0.7,88034,0.7,70084,0.6,0,0
9/17/22,50-64,"Black, non-Latinx",145449,119146,0.8,111471,0.8,69051,0.5,2333,0
9/11/21,18-29,"Other, non-Latinx",11506,15944,1,13298,1,37,0,0,0
4/3/21,30-49,Unknown,,11783,,6728,,0,,0,
1/30/21,18-29,"Asian, non-Latinx",41068,3651,0.1,1977,0,0,0,0,0
1/14/23,50-64,Unknown,,16522,,12781,,4706,,1961,
5/15/21,30-49,"Black, non-Latinx",197825,64693,0.3,51081,0.3,0,0,0,0
9/16/23,30-49,"Other, non-Latinx",10186,31834,1,26071,1,9780,1,4905,0.5
3/18/23,50-64,Unknown,,16618,,12789,,4706,,2147,
4/3/21,50-64,Latinx,114048,56245,0.5,28112,0.2,0,0,0,0
8/5/23,30-49,Latinx,226340,204036,0.9,181668,0.8,90506,0.4,39306,0.2
3/6/21,65+,"Asian, non-Latinx",26955,9608,0.4,4248,0.2,0,0,0,0
2/25/23,65+,"Black, non-Latinx",125967,95686,0.8,88296,0.7,70454,0.6,48484,0.4
4/1/23,30-49,All,809519,699586,0.9,625523,0.8,347263,0.4,185429,0.2
2/5/22,30-49,"Asian, non-Latinx",64910,53661,0.8,49245,0.8,31830,0.5,0,0
8/20/22,18-29,All,526788,435302,0.8,372462,0.7,160798,0.3,0,0
5/14/22,50-64,"White, non-Latinx",149921,117861,0.8,111832,0.7,80574,0.5,0,0
9/24/22,30-49,"Asian, non-Latinx",64910,54792,0.8,50018,0.8,35293,0.5,3724,0.1
12/25/21,50-64,All,439599,380785,0.9,355137,0.8,160827,0.4,0,0
7/29/23,18-29,"Black, non-Latinx",139472,77345,0.6,63426,0.5,18456,0.1,9255,0.1
7/16/22,18-29,All,526788,433654,0.8,371329,0.7,158148,0.3,0,0
4/15/23,30-49,"Black, non-Latinx",197825,133322,0.7,119935,0.6,48784,0.2,21592,0.1
9/16/23,0-4,All,162797,34490,0.2,18073,0.1,84,0,13252,0.1
9/10/22,30-49,All,809519,684827,0.8,622802,0.8,346867,0.4,9251,0
5/29/21,65+,Latinx,71039,48351,0.7,44835,0.6,0,0,0,0
5/28/22,30-49,Latinx,226340,197982,0.9,180471,0.8,87450,0.4,0,0
10/22/22,30-49,"Black, non-Latinx",197825,131444,0.7,118771,0.6,48687,0.2,8242,0
7/9/22,0-4,Unknown,,712,,0,,0,,0,
12/19/20,50-64,All,439599,1883,0,0,0,0,0,0,0
11/12/22,50-64,"Black, non-Latinx",145449,120037,0.8,111653,0.8,69131,0.5,20671,0.1
3/27/21,65+,Latinx,71039,39228,0.6,25706,0.4,0,0,0,0
10/9/21,18-29,Unknown,,15093,,13305,,213,,0,
12/25/21,50-64,"White, non-Latinx",149921,115414,0.8,109040,0.7,63724,0.4,0,0
4/3/21,18-29,Latinx,147161,39172,0.3,17754,0.1,0,0,0,0
7/22/23,50-64,"Black, non-Latinx",145449,121257,0.8,112014,0.8,69265,0.5,38437,0.3
1/21/23,65+,"Black, non-Latinx",125967,95487,0.8,88270,0.7,70440,0.6,45893,0.4
8/28/21,18-29,All,526788,333227,0.6,298864,0.6,505,0,0,0
11/12/22,18-29,"Asian, non-Latinx",41068,43523,1,35934,0.9,20835,0.5,5999,0.1
7/30/22,18-29,Unknown,,19488,,14975,,3559,,0,
8/14/21,17-Dec,Latinx,76627,45372,0.6,35409,0.5,2,0,0,0
1/8/22,18-29,Latinx,147161,118269,0.8,104501,0.7,23987,0.2,0,0
11/19/22,65+,"White, non-Latinx",135462,103326,0.8,97418,0.7,80724,0.6,53869,0.4
12/24/22,30-49,"Black, non-Latinx",197825,132337,0.7,119271,0.6,48756,0.2,16968,0.1
1/23/21,65+,"White, non-Latinx",135462,13418,0.1,1017,0,0,0,0,0
8/20/22,18-29,"Black, non-Latinx",139472,73657,0.5,61501,0.4,18221,0.1,0,0
9/17/22,0-4,"Asian, non-Latinx",9998,1768,0.2,612,0.1,2,0,0,0
3/26/22,50-64,"Other, non-Latinx",3063,13745,1,11667,1,4945,1,0,0
12/11/21,50-64,Unknown,,13778,,11740,,2041,,0,
12/4/21,18-29,"White, non-Latinx",187581,133828,0.7,121938,0.6,25004,0.1,0,0
4/16/22,18-29,Unknown,,19151,,14870,,3364,,0,
1/8/22,18-29,"Other, non-Latinx",11506,20068,1,15900,1,3107,0.3,0,0
12/25/21,65+,"White, non-Latinx",135462,100014,0.7,94323,0.7,68567,0.5,0,0
9/25/21,50-64,Latinx,114048,97040,0.9,91965,0.8,836,0,0,0
3/11/23,50-64,Unknown,,16610,,12789,,4706,,2129,
6/17/23,65+,"Asian, non-Latinx",26955,20609,0.8,18983,0.7,15994,0.6,10621,0.4
8/26/23,65+,"White, non-Latinx",135462,103949,0.8,97457,0.7,80738,0.6,65758,0.5
1/16/21,18-29,Unknown,,1552,,643,,0,,0,
6/17/23,65+,All,362629,298698,0.8,273690,0.8,218877,0.6,161310,0.4
5/15/21,65+,"Asian, non-Latinx",26955,17038,0.6,15513,0.6,0,0,0,0
4/24/21,65+,Latinx,71039,45243,0.6,39195,0.6,0,0,0,0
1/28/23,30-49,"Other, non-Latinx",10186,31553,1,26034,1,9773,1,4244,0.4
8/13/22,18-29,All,526788,434972,0.8,372251,0.7,160333,0.3,0,0
8/5/23,65+,Unknown,,11924,,8875,,4151,,2308,
7/15/23,65+,All,362629,298809,0.8,273691,0.8,218885,0.6,162150,0.4
7/24/21,65+,Latinx,71039,50219,0.7,47671,0.7,0,0,0,0
7/2/22,50-64,"Black, non-Latinx",145449,118586,0.8,110944,0.8,66883,0.5,0,0
6/25/22,50-64,Latinx,114048,106238,0.9,99301,0.9,65864,0.6,0,0
3/26/22,18-29,"Black, non-Latinx",139472,70683,0.5,58809,0.4,15102,0.1,0,0
8/26/23,17-Dec,"Asian, non-Latinx",8804,8082,0.9,7534,0.9,3610,0.4,1819,0.2
11/6/21,50-64,"Black, non-Latinx",145449,109244,0.8,101595,0.7,12065,0.1,0,0
7/15/23,30-49,Latinx,226340,203884,0.9,181668,0.8,90505,0.4,38976,0.2
11/19/22,30-49,All,809519,693556,0.9,624014,0.8,347090,0.4,133767,0.2
4/1/23,18-29,"Asian, non-Latinx",41068,44189,1,35973,0.9,20843,0.5,9771,0.2
2/25/23,50-64,"White, non-Latinx",149921,119870,0.8,112912,0.8,82702,0.6,54142,0.4
3/13/21,30-49,All,809519,160254,0.2,90818,0.1,0,0,0,0
9/11/21,65+,"White, non-Latinx",135462,95305,0.7,91587,0.7,3909,0,0,0
2/18/23,50-64,Latinx,114048,108208,0.9,99773,0.9,67523,0.6,30403,0.3
4/29/23,0-4,Unknown,,2811,,1977,,7,,670,
2/4/23,65+,"White, non-Latinx",135462,103693,0.8,97442,0.7,80734,0.6,62817,0.5
2/25/23,18-29,"White, non-Latinx",187581,152045,0.8,127848,0.7,67838,0.4,35190,0.2
2/6/21,30-49,"Other, non-Latinx",10186,2413,0.2,1224,0.1,0,0,0,0
7/1/23,30-49,"Asian, non-Latinx",64910,55932,0.9,50103,0.8,35304,0.5,19540,0.3
1/21/23,50-64,"White, non-Latinx",149921,119806,0.8,112902,0.8,82701,0.6,52780,0.4
2/13/21,30-49,All,809519,87849,0.1,37972,0,0,0,0,0
1/1/22,18-29,All,526788,391213,0.7,341300,0.6,93303,0.2,0,0
6/3/23,0-4,"Other, non-Latinx",6925,1420,0.2,669,0.1,0,0,348,0
7/16/22,65+,"Other, non-Latinx",3206,8066,1,6914,1,4357,1,0,0
11/5/22,18-29,"Asian, non-Latinx",41068,43412,1,35932,0.9,20835,0.5,5405,0.1
6/25/22,65+,"Asian, non-Latinx",26955,20063,0.7,18852,0.7,15742,0.6,0,0
1/28/23,18-29,"Other, non-Latinx",11506,22978,1,17446,1,5044,0.4,2083,0.2
3/27/21,30-49,"Asian, non-Latinx",64910,20511,0.3,10995,0.2,0,0,0,0
9/25/21,65+,All,362629,268450,0.7,253729,0.7,9995,0,0,0
4/9/22,65+,"Other, non-Latinx",3206,7907,1,6756,1,4048,1,0,0
12/25/21,65+,"Black, non-Latinx",125967,90004,0.7,84806,0.7,52233,0.4,0,0
12/31/22,50-64,Unknown,,16475,,12779,,4706,,1862,
10/2/21,65+,"White, non-Latinx",135462,96336,0.7,92215,0.7,13004,0.1,0,0
6/26/21,65+,"Other, non-Latinx",3206,6074,1,5480,1,0,0,0,0
9/10/22,18-29,Latinx,147161,130416,0.9,115297,0.8,45756,0.3,388,0
6/25/22,18-29,Unknown,,19395,,14936,,3488,,0,
11/13/21,30-49,"Asian, non-Latinx",64910,50390,0.8,47825,0.7,9104,0.1,0,0
2/26/22,50-64,"White, non-Latinx",149921,117243,0.8,110598,0.7,77733,0.5,0,0
2/6/21,30-49,"White, non-Latinx",310259,35027,0.1,14234,0,0,0,0,0
4/22/23,30-49,All,809519,700090,0.9,625671,0.8,347272,0.4,187396,0.2
3/5/22,50-64,All,439599,393230,0.9,365183,0.8,224283,0.5,0,0
5/27/23,18-29,Latinx,147161,133680,0.9,115925,0.8,45855,0.3,17287,0.1
12/19/20,18-29,Unknown,,302,,0,,0,,0,
2/12/22,65+,"Asian, non-Latinx",26955,19743,0.7,18479,0.7,14571,0.5,0,0
11/26/22,65+,"White, non-Latinx",135462,103359,0.8,97421,0.7,80725,0.6,55034,0.4
1/9/21,30-49,Latinx,226340,3774,0,579,0,0,0,0,0
6/3/23,65+,"Other, non-Latinx",3206,8446,1,6963,1,4460,1,3093,1
10/9/21,50-64,"Asian, non-Latinx",27117,22753,0.8,21795,0.8,994,0,0,0
1/9/21,50-64,Unknown,,655,,124,,0,,0,
2/25/23,18-29,"Black, non-Latinx",139472,76225,0.5,63083,0.5,18435,0.1,7032,0
11/26/22,30-49,All,809519,693990,0.9,624099,0.8,347102,0.4,139329,0.2
3/25/23,50-64,"Other, non-Latinx",3063,14420,1,11887,1,5463,1,2759,0.9
6/11/22,30-49,All,809519,680799,0.8,620144,0.8,338812,0.4,0,0
4/29/23,18-29,"Black, non-Latinx",139472,76724,0.6,63410,0.5,18445,0.1,7823,0.1
5/27/23,50-64,"Asian, non-Latinx",27117,25846,1,23214,0.9,17232,0.6,8880,0.3
9/16/23,18-29,"White, non-Latinx",187581,152530,0.8,127897,0.7,67845,0.4,37268,0.2
3/6/21,30-49,Unknown,,6490,,3812,,0,,0,
4/29/23,11-May,Unknown,,3992,,3065,,670,,633,
11/12/22,30-49,Latinx,226340,200985,0.9,181340,0.8,90450,0.4,19927,0.1
7/30/22,50-64,"Other, non-Latinx",3063,13999,1,11823,1,5386,1,0,0
8/6/22,65+,"White, non-Latinx",135462,101941,0.8,97293,0.7,80457,0.6,0,0
8/13/22,65+,"Other, non-Latinx",3206,8107,1,6934,1,4414,1,0,0
3/4/23,30-49,All,809519,698898,0.9,625250,0.8,347246,0.4,181770,0.2
8/5/23,50-64,All,439599,407087,0.9,372642,0.8,246917,0.6,143278,0.3
2/27/21,65+,"Asian, non-Latinx",26955,8283,0.3,3014,0.1,0,0,0,0
7/2/22,65+,Unknown,,11026,,8811,,4014,,0,
8/7/21,30-49,Latinx,226340,159892,0.7,146736,0.6,0,0,0,0
8/7/21,30-49,Unknown,,23174,,20502,,0,,0,
5/15/21,30-49,Latinx,226340,130410,0.6,106078,0.5,0,0,0,0
9/17/22,65+,All,362629,291375,0.8,273216,0.8,218424,0.6,17952,0
3/5/22,50-64,"Other, non-Latinx",3063,13696,1,11631,1,4819,1,0,0
4/22/23,65+,"White, non-Latinx",135462,103790,0.8,97456,0.7,80738,0.6,64367,0.5
7/22/23,18-29,"Other, non-Latinx",11506,23190,1,17483,1,5047,0.4,2483,0.2
11/20/21,30-49,Latinx,226340,178506,0.8,165937,0.7,18866,0.1,0,0
11/27/21,18-29,"White, non-Latinx",187581,132738,0.7,121597,0.6,20378,0.1,0,0
2/26/22,65+,All,362629,286364,0.8,267329,0.7,199748,0.6,0,0
7/15/23,18-29,All,526788,452700,0.9,375803,0.7,161672,0.3,79385,0.2
12/10/22,50-64,"Other, non-Latinx",3063,14299,1,11868,1,5461,1,2122,0.7
4/2/22,65+,Unknown,,10772,,8707,,3746,,0,
9/2/23,18-29,"Asian, non-Latinx",41068,44304,1,35976,0.9,20845,0.5,10259,0.2
9/2/23,0-4,"Other, non-Latinx",6925,1553,0.2,669,0.1,0,0,596,0.1
4/2/22,65+,Latinx,71039,55747,0.8,52155,0.7,39583,0.6,0,0
9/16/23,65+,Unknown,,11950,,8875,,4151,,2343,
8/12/23,50-64,"Other, non-Latinx",3063,14475,1,11890,1,5466,1,2911,1
4/10/21,18-29,All,526788,173503,0.3,85537,0.2,0,0,0,0
11/6/21,50-64,Latinx,114048,99028,0.9,94036,0.8,9637,0.1,0,0
9/11/21,18-29,"White, non-Latinx",187581,126177,0.7,117032,0.6,528,0,0,0
5/27/23,30-49,"Other, non-Latinx",10186,31737,1,26070,1,9778,1,4713,0.5
12/18/21,18-29,"White, non-Latinx",187581,137042,0.7,122820,0.7,38126,0.2,0,0
8/5/23,30-49,"Asian, non-Latinx",64910,55944,0.9,50104,0.8,35304,0.5,19618,0.3
1/14/23,65+,Latinx,71039,57608,0.8,53063,0.7,43044,0.6,22907,0.3
1/14/23,17-Dec,"Black, non-Latinx",57964,34088,0.6,29441,0.5,6754,0.1,2990,0.1
6/3/23,30-49,"Black, non-Latinx",197825,133665,0.7,119964,0.6,48789,0.2,22731,0.1
6/19/21,11-May,"Asian, non-Latinx",10651,0,0,0,0,0,0,0,0
5/28/22,17-Dec,"Other, non-Latinx",3047,5212,1,4149,1,798,0.3,0,0
7/24/21,30-49,"White, non-Latinx",310259,209465,0.7,200655,0.6,0,0,0,0
11/5/22,50-64,"White, non-Latinx",149921,119365,0.8,112862,0.8,82684,0.6,37270,0.2
1/7/23,18-29,Latinx,147161,132432,0.9,115663,0.8,45833,0.3,13021,0.1
9/2/23,50-64,"White, non-Latinx",149921,120047,0.8,112922,0.8,82707,0.6,56117,0.4
4/15/23,0-4,All,162797,31398,0.2,17990,0.1,79,0,5866,0
3/5/22,30-49,Unknown,,30592,,24989,,7137,,0,
11/5/22,30-49,"Asian, non-Latinx",64910,55255,0.9,50048,0.8,35297,0.5,11645,0.2
6/11/22,65+,Latinx,71039,56192,0.8,52606,0.7,41520,0.6,0,0
12/31/22,65+,Unknown,,11765,,8866,,4147,,1806,
5/8/21,18-29,All,526788,252650,0.5,182692,0.3,0,0,0,0
3/25/23,0-4,"Other, non-Latinx",6925,1318,0.2,657,0.1,0,0,163,0
3/4/23,30-49,"Asian, non-Latinx",64910,55810,0.9,50094,0.8,35303,0.5,18697,0.3
5/8/21,65+,"White, non-Latinx",135462,89039,0.7,82704,0.6,0,0,0,0
12/17/22,65+,Unknown,,11733,,8866,,4147,,1714,
12/10/22,30-49,All,809519,695159,0.9,624350,0.8,347154,0.4,152066,0.2
5/21/22,65+,All,362629,288706,0.8,270879,0.7,210757,0.6,0,0
4/1/23,65+,Latinx,71039,57750,0.8,53082,0.7,43051,0.6,26244,0.4
3/18/23,65+,Latinx,71039,57721,0.8,53080,0.7,43050,0.6,25847,0.4
6/10/23,65+,Unknown,,11902,,8875,,4149,,2265,
8/5/23,65+,"Black, non-Latinx",125967,96019,0.8,88324,0.7,70491,0.6,52714,0.4
3/5/22,50-64,Unknown,,15169,,12486,,4175,,0,
2/12/22,65+,"White, non-Latinx",135462,100813,0.7,95033,0.7,75657,0.6,0,0
2/12/22,18-29,"Asian, non-Latinx",41068,41328,1,35232,0.9,18417,0.4,0,0
5/6/23,0-4,Latinx,54903,8402,0.2,3245,0.1,29,0,1497,0
4/22/23,65+,"Asian, non-Latinx",26955,20544,0.8,18983,0.7,15994,0.6,10285,0.4
3/20/21,65+,All,362629,190682,0.5,118329,0.3,0,0,0,0
10/22/22,30-49,Unknown,,32371,,25503,,7794,,2130,
2/18/23,65+,All,362629,297805,0.8,273622,0.8,218833,0.6,150882,0.4
9/25/21,18-29,"Asian, non-Latinx",41068,35281,0.9,32712,0.8,135,0,0,0
4/8/23,30-49,Latinx,226340,203099,0.9,181650,0.8,90495,0.4,36538,0.2
7/1/23,0-4,All,162797,32987,0.2,18066,0.1,83,0,10503,0.1
9/17/22,30-49,"Black, non-Latinx",197825,130735,0.7,118446,0.6,48643,0.2,1673,0
1/8/22,18-29,Unknown,,17407,,14069,,2451,,0,
7/1/23,18-29,Unknown,,21538,,15097,,3621,,2719,
9/9/23,18-29,"White, non-Latinx",187581,152528,0.8,127895,0.7,67845,0.4,37264,0.2
12/4/21,65+,"Other, non-Latinx",3206,7441,1,6475,1,2682,0.8,0,0
6/26/21,30-49,"Other, non-Latinx",10186,19369,1,17261,1,0,0,0,0
2/25/23,18-29,Unknown,,21322,,15084,,3620,,2466,
8/6/22,50-64,"Black, non-Latinx",145449,118858,0.8,111275,0.8,68361,0.5,0,0
4/30/22,30-49,Latinx,226340,197548,0.9,180202,0.8,86229,0.4,0,0
9/9/23,0-4,"Black, non-Latinx",47946,3629,0.1,1064,0,4,0,1134,0
4/23/22,65+,"Other, non-Latinx",3206,7931,1,6788,1,4107,1,0,0
8/20/22,65+,Latinx,71039,56565,0.8,52944,0.7,42769,0.6,0,0
6/24/23,18-29,"Other, non-Latinx",11506,23176,1,17483,1,5047,0.4,2444,0.2
8/12/23,50-64,Latinx,114048,108698,1,99809,0.9,67538,0.6,34502,0.3
4/16/22,65+,"Asian, non-Latinx",26955,19891,0.7,18638,0.7,15203,0.6,0,0
6/25/22,50-64,"Black, non-Latinx",145449,118540,0.8,110860,0.8,66601,0.5,0,0
2/25/23,30-49,"Black, non-Latinx",197825,132967,0.7,119681,0.6,48770,0.2,20294,0.1
4/23/22,30-49,"Other, non-Latinx",10186,30421,1,25726,1,9251,0.9,0,0
12/25/21,18-29,Unknown,,16818,,13931,,2023,,0,
1/22/22,30-49,"Other, non-Latinx",10186,29481,1,24606,1,7745,0.8,0,0
10/29/22,0-4,All,162797,23457,0.1,12436,0.1,23,0,0,0
6/4/22,30-49,"Asian, non-Latinx",64910,54373,0.8,49857,0.8,34656,0.5,0,0
3/18/23,0-4,"Other, non-Latinx",6925,1304,0.2,653,0.1,0,0,154,0
5/13/23,30-49,Latinx,226340,203420,0.9,181665,0.8,90498,0.4,37722,0.2
11/12/22,50-64,"Asian, non-Latinx",27117,25518,0.9,23177,0.9,17231,0.6,5286,0.2
9/4/21,50-64,"Asian, non-Latinx",27117,22484,0.8,21458,0.8,161,0,0,0
1/8/22,30-49,"Other, non-Latinx",10186,28793,1,24252,1,6823,0.7,0,0
8/20/22,50-64,"Other, non-Latinx",3063,14028,1,11838,1,5431,1,0,0
3/19/22,18-29,Latinx,147161,128170,0.9,113671,0.8,40494,0.3,0,0
1/15/22,65+,"Asian, non-Latinx",26955,19582,0.7,18365,0.7,13799,0.5,0,0
7/3/21,50-64,"Asian, non-Latinx",27117,21526,0.8,20340,0.8,0,0,0,0
3/20/21,50-64,"Asian, non-Latinx",27117,8073,0.3,4203,0.2,0,0,0,0
3/11/23,65+,"Asian, non-Latinx",26955,20532,0.8,18983,0.7,15994,0.6,10005,0.4
3/12/22,30-49,"Asian, non-Latinx",64910,54008,0.8,49635,0.8,33351,0.5,0,0
8/13/22,11-May,"Asian, non-Latinx",10651,7953,0.7,7338,0.7,1607,0.2,0,0
10/22/22,30-49,All,809519,690439,0.9,623571,0.8,347030,0.4,91390,0.1
8/13/22,0-4,"White, non-Latinx",42995,7964,0.2,2417,0.1,0,0,0,0
7/29/23,0-4,"White, non-Latinx",42995,13607,0.3,9556,0.2,37,0,5109,0.1
9/3/22,18-29,"Black, non-Latinx",139472,73883,0.5,61706,0.4,18368,0.1,11,0
5/13/23,50-64,All,439599,406565,0.9,372635,0.8,246893,0.6,140373,0.3
10/30/21,65+,"Black, non-Latinx",125967,87675,0.7,82367,0.7,18811,0.1,0,0
1/1/22,30-49,"Asian, non-Latinx",64910,52315,0.8,48661,0.8,25382,0.4,0,0
10/29/22,30-49,"Other, non-Latinx",10186,31173,1,25978,1,9765,1,2413,0.2
7/16/22,30-49,"Other, non-Latinx",10186,30656,1,25872,1,9616,0.9,0,0
5/27/23,0-4,"Other, non-Latinx",6925,1413,0.2,669,0.1,0,0,330,0
9/18/21,50-64,Unknown,,12557,,10974,,63,,0,
4/16/22,30-49,Unknown,,30908,,25205,,7369,,0,
9/9/23,65+,Latinx,71039,57969,0.8,53089,0.7,43058,0.6,28431,0.4
8/12/23,18-29,Unknown,,21562,,15097,,3621,,2754,
7/2/22,30-49,Unknown,,31273,,25344,,7615,,0,
8/12/23,0-4,Latinx,54903,9186,0.2,3250,0.1,30,0,3143,0.1
8/5/23,50-64,"Asian, non-Latinx",27117,25896,1,23214,0.9,17232,0.6,9018,0.3
7/8/23,50-64,"White, non-Latinx",149921,120007,0.8,112922,0.8,82707,0.6,55877,0.4
1/8/22,30-49,Latinx,226340,186575,0.8,170085,0.8,56107,0.2,0,0
10/16/21,50-64,Latinx,114048,98070,0.9,93089,0.8,3081,0,0,0
5/6/23,0-4,All,162797,31822,0.2,18058,0.1,80,0,7060,0
6/12/21,30-49,All,809519,509165,0.6,463627,0.6,0,0,0,0
4/17/21,30-49,"Black, non-Latinx",197825,50300,0.3,31790,0.2,0,0,0,0
9/2/23,30-49,Latinx,226340,204236,0.9,181669,0.8,90507,0.4,39771,0.2
1/28/23,65+,"White, non-Latinx",135462,103686,0.8,97442,0.7,80734,0.6,62591,0.5
8/14/21,18-29,Latinx,147161,96983,0.7,86460,0.6,10,0,0,0
12/3/22,30-49,"Asian, non-Latinx",64910,55475,0.9,50061,0.8,35297,0.5,14918,0.2
11/6/21,50-64,"White, non-Latinx",149921,112147,0.7,107080,0.7,22895,0.2,0,0
6/12/21,18-29,"Black, non-Latinx",139472,32719,0.2,26103,0.2,0,0,0,0
4/23/22,18-29,Unknown,,19186,,14878,,3378,,0,
1/29/22,65+,"White, non-Latinx",135462,100682,0.7,94835,0.7,74673,0.6,0,0
1/1/22,18-29,Unknown,,17087,,13984,,2249,,0,
8/21/21,18-29,"White, non-Latinx",187581,124199,0.7,115064,0.6,151,0,0,0
10/22/22,30-49,"White, non-Latinx",310259,239949,0.8,222017,0.7,155057,0.5,55817,0.2
8/12/23,30-49,"Asian, non-Latinx",64910,55947,0.9,50105,0.8,35305,0.5,19632,0.3
7/9/22,11-May,Unknown,,3632,,2853,,343,,0,
4/2/22,50-64,Latinx,114048,105499,0.9,98769,0.9,62896,0.6,0,0
6/18/22,30-49,"Black, non-Latinx",197825,129315,0.7,117224,0.6,46158,0.2,0,0
1/29/22,65+,All,362629,285120,0.8,265873,0.7,192716,0.5,0,0
1/30/21,65+,"Asian, non-Latinx",26955,2501,0.1,297,0,0,0,0,0
10/30/21,30-49,"Asian, non-Latinx",64910,49947,0.8,47568,0.7,5523,0.1,0,0
2/11/23,18-29,"White, non-Latinx",187581,151978,0.8,127842,0.7,67835,0.4,34839,0.2
7/9/22,18-29,"Asian, non-Latinx",41068,42300,1,35790,0.9,20518,0.5,0,0
11/26/22,50-64,"Asian, non-Latinx",27117,25553,0.9,23182,0.9,17231,0.6,5989,0.2
4/22/23,18-29,Latinx,147161,133398,0.9,115924,0.8,45852,0.3,16522,0.1
2/27/21,18-29,"Other, non-Latinx",11506,1881,0.2,1158,0.1,0,0,0,0
5/13/23,0-4,Unknown,,2838,,1977,,7,,752,
7/17/21,50-64,Unknown,,11723,,10238,,0,,0,
3/11/23,0-4,Latinx,54903,7841,0.1,3093,0.1,25,0,846,0
7/3/21,50-64,"White, non-Latinx",149921,104413,0.7,99707,0.7,0,0,0,0
12/25/21,50-64,"Other, non-Latinx",3063,12920,1,11104,1,3219,1,0,0
6/12/21,50-64,All,439599,321814,0.7,294881,0.7,0,0,0,0
6/10/23,18-29,"Asian, non-Latinx",41068,44267,1,35975,0.9,20843,0.5,10090,0.2
1/23/21,30-49,"Asian, non-Latinx",64910,5680,0.1,2889,0,0,0,0,0
5/29/21,65+,All,362629,250029,0.7,231802,0.6,0,0,0,0
5/1/21,65+,Unknown,,7993,,6006,,0,,0,
10/8/22,65+,"Black, non-Latinx",125967,93498,0.7,88127,0.7,70278,0.6,12863,0.1
4/22/23,18-29,"Other, non-Latinx",11506,23112,1,17482,1,5047,0.4,2335,0.2
5/28/22,50-64,"Other, non-Latinx",3063,13885,1,11767,1,5198,1,0,0
2/27/21,18-29,Latinx,147161,13151,0.1,5685,0,0,0,0,0
4/17/21,65+,"White, non-Latinx",135462,85190,0.6,75848,0.6,0,0,0,0
3/4/23,0-4,Latinx,54903,7745,0.1,3062,0.1,24,0,774,0
6/3/23,30-49,Unknown,,33695,,25614,,7813,,4571,
7/24/21,11-May,"Asian, non-Latinx",10651,0,0,0,0,0,0,0,0
8/14/21,30-49,Latinx,226340,161871,0.7,148174,0.7,19,0,0,0
3/27/21,18-29,All,526788,110970,0.2,54585,0.1,0,0,0,0
7/17/21,30-49,"White, non-Latinx",310259,208623,0.7,199936,0.6,0,0,0,0
10/16/21,18-29,"Black, non-Latinx",139472,51909,0.4,43025,0.3,480,0,0,0
4/10/21,30-49,Latinx,226340,94315,0.4,52636,0.2,0,0,0,0
12/18/21,30-49,"Other, non-Latinx",10186,27753,1,23853,1,5141,0.5,0,0
2/18/23,30-49,"Asian, non-Latinx",64910,55787,0.9,50089,0.8,35301,0.5,18475,0.3
7/31/21,50-64,Unknown,,11924,,10432,,0,,0,
12/17/22,30-49,"Other, non-Latinx",10186,31448,1,26011,1,9769,1,3800,0.4
4/22/23,0-4,"Asian, non-Latinx",9998,2769,0.3,1557,0.2,6,0,619,0.1
12/10/22,0-4,"Asian, non-Latinx",9998,2342,0.2,1350,0.1,4,0,0,0
9/10/22,50-64,"Other, non-Latinx",3063,14056,1,11848,1,5451,1,84,0
8/21/21,65+,"Other, non-Latinx",3206,6502,1,5850,1,21,0,0,0
6/19/21,50-64,"Other, non-Latinx",3063,9194,1,8056,1,0,0,0,0
10/2/21,50-64,"Other, non-Latinx",3063,11569,1,10152,1,194,0.1,0,0
1/8/22,50-64,"Asian, non-Latinx",27117,24149,0.9,22433,0.8,13188,0.5,0,0
7/1/23,30-49,"White, non-Latinx",310259,242520,0.8,222270,0.7,155097,0.5,101554,0.3
7/16/22,18-29,"White, non-Latinx",187581,146919,0.8,127408,0.7,67080,0.4,0,0
9/3/22,65+,"White, non-Latinx",135462,102002,0.8,97367,0.7,80680,0.6,110,0
3/4/23,50-64,"Asian, non-Latinx",27117,25768,1,23212,0.9,17232,0.6,8455,0.3
3/4/23,50-64,All,439599,405803,0.9,372497,0.8,246864,0.6,133980,0.3
4/17/21,65+,Unknown,,7509,,5169,,0,,0,
4/2/22,50-64,Unknown,,15257,,12564,,4298,,0,
5/20/23,50-64,"Black, non-Latinx",145449,121144,0.8,112012,0.8,69253,0.5,37633,0.3
12/18/21,30-49,"Asian, non-Latinx",64910,51808,0.8,48465,0.7,21676,0.3,0,0
10/1/22,50-64,All,439599,400568,0.9,371790,0.8,246595,0.6,31040,0.1
4/23/22,17-Dec,"Black, non-Latinx",57964,32723,0.6,28236,0.5,4534,0.1,0,0
8/21/21,30-49,"Asian, non-Latinx",64910,48251,0.7,45745,0.7,96,0,0,0
2/12/22,50-64,Unknown,,15039,,12354,,4016,,0,
10/30/21,18-29,"Black, non-Latinx",139472,53537,0.4,44732,0.3,898,0,0,0
10/29/22,30-49,All,809519,691272,0.9,623697,0.8,347049,0.4,103323,0.1
10/15/22,18-29,"Black, non-Latinx",139472,74604,0.5,62131,0.4,18402,0.1,2003,0
8/26/23,30-49,"Other, non-Latinx",10186,31818,1,26070,1,9779,1,4883,0.5
3/18/23,65+,"White, non-Latinx",135462,103745,0.8,97452,0.7,80738,0.6,63846,0.5
12/11/21,18-29,"White, non-Latinx",187581,135311,0.7,122376,0.7,31185,0.2,0,0
4/1/23,18-29,"White, non-Latinx",187581,152176,0.8,127873,0.7,67839,0.4,35917,0.2
7/24/21,18-29,Latinx,147161,91729,0.6,82971,0.6,0,0,0,0
1/29/22,18-29,"White, non-Latinx",187581,143926,0.8,124961,0.7,58976,0.3,0,0
7/29/23,65+,"Black, non-Latinx",125967,96012,0.8,88324,0.7,70489,0.6,52666,0.4
10/16/21,50-64,"White, non-Latinx",149921,110777,0.7,106092,0.7,8743,0.1,0,0
4/17/21,50-64,"Asian, non-Latinx",27117,16225,0.6,10352,0.4,0,0,0,0
12/24/22,65+,Latinx,71039,57513,0.8,53054,0.7,43040,0.6,21167,0.3
10/29/22,18-29,Unknown,,20433,,15050,,3615,,1253,
12/11/21,65+,"Black, non-Latinx",125967,89474,0.7,84319,0.7,45960,0.4,0,0
7/30/22,65+,"Black, non-Latinx",125967,92629,0.7,87910,0.7,69471,0.6,0,0
5/28/22,65+,"Other, non-Latinx",3206,7995,1,6857,1,4224,1,0,0
5/1/21,18-29,"Black, non-Latinx",139472,23525,0.2,14038,0.1,0,0,0,0
3/11/23,50-64,All,439599,405873,0.9,372535,0.8,246871,0.6,134847,0.3
8/12/23,30-49,All,809519,702201,0.9,625697,0.8,347298,0.4,194263,0.2
3/12/22,50-64,"White, non-Latinx",149921,117364,0.8,110732,0.7,78295,0.5,0,0
6/12/21,65+,Unknown,,8711,,7254,,0,,0,
12/3/22,18-29,Unknown,,20920,,15068,,3617,,1938,
4/15/23,65+,"White, non-Latinx",135462,103778,0.8,97456,0.7,80738,0.6,64231,0.5
4/23/22,18-29,All,526788,429373,0.8,368338,0.7,150720,0.3,0,0
6/24/23,18-29,Latinx,147161,133856,0.9,115926,0.8,45857,0.3,17721,0.1
2/19/22,50-64,"Other, non-Latinx",3063,13659,1,11575,1,4706,1,0,0
5/13/23,65+,All,362629,298491,0.8,273688,0.8,218865,0.6,159481,0.4
2/11/23,65+,"Asian, non-Latinx",26955,20517,0.8,18983,0.7,15994,0.6,9697,0.4
8/26/23,65+,"Other, non-Latinx",3206,8471,1,6963,1,4461,1,3161,1
4/3/21,18-29,"Other, non-Latinx",11506,4569,0.4,2265,0.2,0,0,0,0
3/4/23,11-May,"Black, non-Latinx",66458,24658,0.4,19875,0.3,2496,0,2086,0
7/16/22,18-29,"Asian, non-Latinx",41068,42325,1,35798,0.9,20574,0.5,0,0
5/13/23,65+,Unknown,,11882,,8875,,4149,,2221,
4/8/23,50-64,Unknown,,16637,,12793,,4706,,2194,
5/22/21,65+,All,362629,247942,0.7,228336,0.6,0,0,0,0
12/17/22,65+,"Asian, non-Latinx",26955,20467,0.8,18976,0.7,15994,0.6,8399,0.3
3/25/23,30-49,Latinx,226340,202986,0.9,181627,0.8,90494,0.4,35987,0.2
10/16/21,50-64,"Other, non-Latinx",3063,11841,1,10388,1,360,0.1,0,0
7/22/23,65+,Latinx,71039,57911,0.8,53089,0.7,43057,0.6,28032,0.4
9/17/22,30-49,All,809519,685620,0.8,622943,0.8,346910,0.4,23326,0
4/24/21,65+,Unknown,,7797,,5644,,0,,0,
12/17/22,65+,"White, non-Latinx",135462,103545,0.8,97427,0.7,80731,0.6,59616,0.4
3/18/23,65+,"Black, non-Latinx",125967,95750,0.8,88309,0.7,70456,0.6,49552,0.4
9/16/23,30-49,Unknown,,33826,,25615,,7813,,4749,
1/22/22,65+,All,362629,284581,0.8,265413,0.7,189645,0.5,0,0
7/1/23,65+,"Black, non-Latinx",125967,95987,0.8,88324,0.7,70483,0.6,52436,0.4
1/15/22,18-29,"Black, non-Latinx",139472,63843,0.5,51320,0.4,10373,0.1,0,0
12/24/22,50-64,Latinx,114048,107888,0.9,99736,0.9,67510,0.6,25398,0.2
2/12/22,65+,"Black, non-Latinx",125967,91327,0.7,86063,0.7,61548,0.5,0,0
1/16/21,30-49,Latinx,226340,5274,0,1302,0,0,0,0,0
2/25/23,0-4,"White, non-Latinx",42995,12591,0.3,9286,0.2,22,0,1969,0
4/30/22,50-64,All,439599,395523,0.9,368034,0.8,234229,0.5,0,0
10/16/21,18-29,"White, non-Latinx",187581,128372,0.7,119599,0.6,4270,0,0,0
6/10/23,18-29,Latinx,147161,133753,0.9,115925,0.8,45855,0.3,17480,0.1
3/27/21,18-29,"Black, non-Latinx",139472,10231,0.1,4488,0,0,0,0,0
10/8/22,50-64,"Other, non-Latinx",3063,14141,1,11857,1,5458,1,806,0.3
2/20/21,30-49,"Other, non-Latinx",10186,3104,0.3,1730,0.2,0,0,0,0
5/8/21,50-64,"White, non-Latinx",149921,97051,0.6,82591,0.6,0,0,0,0
3/4/23,50-64,"Black, non-Latinx",145449,120872,0.8,111925,0.8,69233,0.5,35161,0.2
8/12/23,18-29,"Black, non-Latinx",139472,77420,0.6,63427,0.5,18458,0.1,9417,0.1
4/24/21,30-49,"White, non-Latinx",310259,184376,0.6,129746,0.4,0,0,0,0
1/28/23,65+,Latinx,71039,57634,0.8,53067,0.7,43046,0.6,23803,0.3
3/26/22,65+,"White, non-Latinx",135462,100972,0.7,95273,0.7,76866,0.6,0,0
11/26/22,17-Dec,"White, non-Latinx",35643,26354,0.7,24139,0.7,11961,0.3,5497,0.2
5/13/23,50-64,"Black, non-Latinx",145449,121127,0.8,112011,0.8,69253,0.5,37499,0.3
2/13/21,65+,All,362629,98032,0.3,21146,0.1,0,0,0,0
10/1/22,18-29,All,526788,438654,0.8,373374,0.7,161444,0.3,15920,0
9/10/22,50-64,Latinx,114048,106777,0.9,99633,0.9,67460,0.6,698,0
11/26/22,18-29,"Asian, non-Latinx",41068,43662,1,35941,0.9,20838,0.5,6900,0.2
7/29/23,30-49,All,809519,701983,0.9,625695,0.8,347291,0.4,193624,0.2
7/22/23,30-49,Latinx,226340,203953,0.9,181668,0.8,90505,0.4,39108,0.2
8/26/23,0-4,Unknown,,3001,,1977,,7,,1208,
8/26/23,65+,Unknown,,11936,,8875,,4151,,2323,
8/12/23,50-64,"Asian, non-Latinx",27117,25900,1,23214,0.9,17232,0.6,9027,0.3
1/1/22,65+,"Asian, non-Latinx",26955,19443,0.7,18309,0.7,12918,0.5,0,0
8/28/21,65+,"White, non-Latinx",135462,94798,0.7,91152,0.7,2186,0,0,0
4/15/23,18-29,Latinx,147161,133352,0.9,115914,0.8,45851,0.3,16371,0.1
7/23/22,30-49,"Asian, non-Latinx",64910,54502,0.8,49945,0.8,35098,0.5,0,0
2/5/22,65+,"White, non-Latinx",135462,100754,0.7,94951,0.7,75172,0.6,0,0
5/1/21,65+,"Other, non-Latinx",3206,5398,1,4435,1,0,0,0,0
2/19/22,18-29,Unknown,,18751,,14631,,3178,,0,
10/29/22,50-64,"Asian, non-Latinx",27117,25462,0.9,23174,0.9,17230,0.6,4322,0.2
5/13/23,30-49,"Black, non-Latinx",197825,133520,0.7,119960,0.6,48787,0.2,22310,0.1
5/20/23,50-64,All,439599,406619,0.9,372638,0.8,246894,0.6,140737,0.3
2/5/22,30-49,"Black, non-Latinx",197825,124516,0.6,110009,0.6,36630,0.2,0,0
3/6/21,30-49,Latinx,226340,35648,0.2,14340,0.1,0,0,0,0
10/23/21,65+,Latinx,71039,52348,0.7,49711,0.7,6369,0.1,0,0
1/2/21,30-49,All,809519,18835,0,0,0,0,0,0,0
2/6/21,65+,"Other, non-Latinx",3206,1699,0.5,320,0.1,0,0,0,0
10/30/21,50-64,All,439599,367112,0.8,345293,0.8,36862,0.1,0,0
3/11/23,50-64,"Asian, non-Latinx",27117,25771,1,23213,0.9,17232,0.6,8511,0.3
5/13/23,0-4,All,162797,31993,0.2,18060,0.1,80,0,7557,0
10/15/22,50-64,"Black, non-Latinx",145449,119584,0.8,111565,0.8,69095,0.5,11181,0.1
4/24/21,50-64,All,439599,271184,0.6,195895,0.4,0,0,0,0
5/21/22,65+,"Black, non-Latinx",125967,92228,0.7,87377,0.7,67043,0.5,0,0
3/4/23,30-49,"Other, non-Latinx",10186,31628,1,26053,1,9774,1,4439,0.4
11/26/22,50-64,All,439599,403516,0.9,372099,0.8,246729,0.6,97743,0.2
12/31/22,18-29,"Asian, non-Latinx",41068,43920,1,35952,0.9,20839,0.5,8470,0.2
12/3/22,0-4,Unknown,,2426,,1718,,5,,0,
4/3/21,11-May,Latinx,83432,0,0,0,0,0,0,0,0
4/2/22,65+,"White, non-Latinx",135462,101047,0.7,95448,0.7,77166,0.6,0,0
11/27/21,50-64,"Asian, non-Latinx",27117,23332,0.9,22139,0.8,6514,0.2,0,0
8/20/22,0-4,"Asian, non-Latinx",9998,1463,0.1,351,0,1,0,0,0
2/6/21,65+,"White, non-Latinx",135462,33268,0.2,3844,0,0,0,0,0
8/14/21,65+,Latinx,71039,50820,0.7,48167,0.7,13,0,0,0
3/25/23,18-29,Unknown,,21391,,15090,,3620,,2536,
8/27/22,0-4,"Asian, non-Latinx",9998,1568,0.2,422,0,1,0,0,0
1/28/23,18-29,"Asian, non-Latinx",41068,44068,1,35960,0.9,20839,0.5,9179,0.2
7/1/23,0-4,"White, non-Latinx",42995,13422,0.3,9554,0.2,36,0,4641,0.1
3/5/22,30-49,Latinx,226340,196233,0.9,178848,0.8,82294,0.4,0,0
5/28/22,65+,"Black, non-Latinx",125967,92294,0.7,87446,0.7,67388,0.5,0,0
6/11/22,50-64,All,439599,397089,0.9,369684,0.8,239588,0.5,0,0
12/24/22,0-4,Latinx,54903,6716,0.1,2645,0,13,0,74,0
7/29/23,50-64,Latinx,114048,108663,1,99809,0.9,67538,0.6,34381,0.3
3/27/21,30-49,"White, non-Latinx",310259,108097,0.3,54834,0.2,0,0,0,0
3/11/23,30-49,"Other, non-Latinx",10186,31636,1,26056,1,9774,1,4467,0.4
4/16/22,50-64,"White, non-Latinx",149921,117628,0.8,111302,0.7,79637,0.5,0,0
8/19/23,0-4,"White, non-Latinx",42995,13708,0.3,9556,0.2,37,0,5342,0.1
4/8/23,18-29,"Other, non-Latinx",11506,23093,1,17477,1,5047,0.4,2304,0.2
5/21/22,50-64,"Asian, non-Latinx",27117,24948,0.9,22947,0.8,16730,0.6,0,0
7/22/23,50-64,"Other, non-Latinx",3063,14464,1,11890,1,5466,1,2892,0.9
7/2/22,65+,"Black, non-Latinx",125967,92478,0.7,87706,0.7,68504,0.5,0,0
11/12/22,18-29,Latinx,147161,131637,0.9,115513,0.8,45808,0.3,8061,0.1
4/1/23,30-49,"Other, non-Latinx",10186,31654,1,26064,1,9777,1,4543,0.4
5/7/22,65+,All,362629,288212,0.8,270231,0.7,208935,0.6,0,0
12/3/22,65+,"Black, non-Latinx",125967,94962,0.8,88235,0.7,70404,0.6,37096,0.3
10/30/21,18-29,"Asian, non-Latinx",41068,36125,0.9,33426,0.8,2143,0.1,0,0
8/27/22,0-4,All,162797,17597,0.1,5324,0,10,0,0,0
11/27/21,50-64,Unknown,,13452,,11581,,1367,,0,
6/19/21,18-29,Unknown,,13407,,11746,,0,,0,
1/15/22,18-29,Unknown,,17740,,14153,,2653,,0,
5/15/21,18-29,All,526788,261732,0.5,207363,0.4,0,0,0,0
5/20/23,18-29,"White, non-Latinx",187581,152318,0.8,127894,0.7,67843,0.4,36478,0.2
1/22/22,50-64,Latinx,114048,103842,0.9,96813,0.8,52714,0.5,0,0
2/13/21,30-49,Latinx,226340,18317,0.1,6056,0,0,0,0,0
8/27/22,30-49,"Black, non-Latinx",197825,130410,0.7,118229,0.6,48476,0.2,0,0
11/5/22,17-Dec,"White, non-Latinx",35643,26308,0.7,24127,0.7,11961,0.3,4079,0.1
10/23/21,50-64,Unknown,,12869,,11322,,393,,0,
11/5/22,0-4,All,162797,24009,0.1,13025,0.1,26,0,0,0
6/11/22,18-29,"Other, non-Latinx",11506,22035,1,17230,1,4851,0.4,0,0
5/29/21,18-29,All,526788,279991,0.5,236532,0.4,0,0,0,0
5/27/23,30-49,Unknown,,33684,,25614,,7813,,4558,
5/6/23,18-29,All,526788,451409,0.9,375784,0.7,161651,0.3,76128,0.1
4/1/23,18-29,All,526788,450645,0.9,375607,0.7,161642,0.3,74071,0.1
4/3/21,65+,Latinx,71039,41247,0.6,30021,0.4,0,0,0,0
3/5/22,65+,Unknown,,10738,,8671,,3659,,0,
6/3/23,0-4,Unknown,,2880,,1977,,7,,886,
4/3/21,30-49,All,809519,302775,0.4,148752,0.2,0,0,0,0
10/29/22,18-29,All,526788,442254,0.8,373833,0.7,161509,0.3,35698,0.1
3/27/21,65+,"Black, non-Latinx",125967,62901,0.5,39663,0.3,0,0,0,0
7/22/23,65+,"Black, non-Latinx",125967,96005,0.8,88324,0.7,70489,0.6,52603,0.4
8/14/21,30-49,Unknown,,23358,,20606,,1,,0,
5/27/23,18-29,"Asian, non-Latinx",41068,44257,1,35975,0.9,20843,0.5,10049,0.2
3/4/23,65+,All,362629,297908,0.8,273641,0.8,218842,0.6,152812,0.4
8/19/23,30-49,"Other, non-Latinx",10186,31813,1,26070,1,9779,1,4867,0.5
8/14/21,50-64,"White, non-Latinx",149921,107167,0.7,102316,0.7,52,0,0,0
2/12/22,30-49,"White, non-Latinx",310259,235659,0.8,219664,0.7,146525,0.5,0,0
6/24/23,50-64,"Other, non-Latinx",3063,14461,1,11890,1,5466,1,2884,0.9
4/22/23,65+,"Other, non-Latinx",3206,8435,1,6963,1,4458,1,3022,0.9
5/27/23,30-49,"Black, non-Latinx",197825,133638,0.7,119963,0.6,48789,0.2,22635,0.1
10/23/21,18-29,"Other, non-Latinx",11506,17508,1,14648,1,345,0,0,0
4/2/22,50-64,"Other, non-Latinx",3063,13760,1,11678,1,4988,1,0,0
9/2/23,30-49,"Asian, non-Latinx",64910,55964,0.9,50105,0.8,35305,0.5,19690,0.3
8/19/23,30-49,"Black, non-Latinx",197825,134030,0.7,119969,0.6,48798,0.2,23809,0.1
4/15/23,65+,"Black, non-Latinx",125967,95833,0.8,88319,0.7,70466,0.6,50630,0.4
4/23/22,50-64,"Other, non-Latinx",3063,13811,1,11717,1,5064,1,0,0
3/19/22,30-49,Latinx,226340,196733,0.9,179502,0.8,83728,0.4,0,0
10/16/21,65+,"Asian, non-Latinx",26955,18697,0.7,17834,0.7,2599,0.1,0,0
1/8/22,30-49,All,809519,647908,0.8,589191,0.7,256915,0.3,0,0
5/1/21,30-49,"Asian, non-Latinx",64910,40098,0.6,29368,0.5,0,0,0,0
1/14/23,30-49,"Black, non-Latinx",197825,132557,0.7,119422,0.6,48764,0.2,18381,0.1
4/15/23,30-49,All,809519,699939,0.9,625642,0.8,347269,0.4,186762,0.2
5/6/23,18-29,"Asian, non-Latinx",41068,44235,1,35975,0.9,20843,0.5,9962,0.2
11/5/22,30-49,"White, non-Latinx",310259,240514,0.8,222053,0.7,155063,0.5,68316,0.2
8/19/23,65+,Unknown,,11931,,8875,,4151,,2318,
9/10/22,65+,Unknown,,11180,,8846,,4133,,35,
1/14/23,30-49,All,809519,697137,0.9,624759,0.8,347208,0.4,170680,0.2
2/12/22,18-29,"Black, non-Latinx",139472,68548,0.5,55407,0.4,13352,0.1,0,0
9/24/22,0-4,Latinx,54903,4404,0.1,1089,0,4,0,0,0
8/14/21,18-29,Unknown,,14311,,12663,,0,,0,
9/10/22,30-49,"Black, non-Latinx",197825,130602,0.7,118378,0.6,48628,0.2,623,0
10/9/21,18-29,Latinx,147161,107244,0.7,96939,0.7,952,0,0,0
12/3/22,18-29,"Black, non-Latinx",139472,75312,0.5,62538,0.4,18417,0.1,4671,0
5/22/21,18-29,All,526788,272396,0.5,225176,0.4,0,0,0,0
12/11/21,18-29,"Other, non-Latinx",11506,18734,1,15500,1,1753,0.2,0,0
8/26/23,0-4,"Asian, non-Latinx",9998,3015,0.3,1557,0.2,6,0,1241,0.1
1/22/22,30-49,Unknown,,29381,,23910,,6411,,0,
8/12/23,30-49,"Other, non-Latinx",10186,31807,1,26070,1,9779,1,4850,0.5
4/16/22,65+,All,362629,287620,0.8,269239,0.7,206215,0.6,0,0
12/3/22,0-4,"Other, non-Latinx",6925,1008,0.1,501,0.1,0,0,0,0
8/13/22,30-49,Unknown,,31453,,25411,,7741,,0,
10/2/21,50-64,All,439599,360502,0.8,338251,0.8,8883,0,0,0
5/15/21,30-49,"Asian, non-Latinx",64910,42298,0.7,36004,0.6,0,0,0,0
4/30/22,50-64,"Other, non-Latinx",3063,13825,1,11730,1,5085,1,0,0
3/18/23,18-29,"Asian, non-Latinx",41068,44177,1,35971,0.9,20843,0.5,9678,0.2
7/30/22,18-29,"Black, non-Latinx",139472,73241,0.5,61151,0.4,17765,0.1,0,0
7/17/21,18-29,"Asian, non-Latinx",41068,33002,0.8,30705,0.7,0,0,0,0
12/26/20,18-29,"Asian, non-Latinx",41068,979,0,0,0,0,0,0,0
5/14/22,18-29,"Other, non-Latinx",11506,21949,1,17182,1,4761,0.4,0,0
4/23/22,65+,"Black, non-Latinx",125967,92009,0.7,87026,0.7,65601,0.5,0,0
4/30/22,30-49,"Other, non-Latinx",10186,30444,1,25739,1,9284,0.9,0,0
2/25/23,17-Dec,All,180859,147678,0.8,130987,0.7,44562,0.2,22375,0.1
2/11/23,65+,"Other, non-Latinx",3206,8422,1,6960,1,4457,1,2875,0.9
11/27/21,65+,All,362629,278030,0.8,260973,0.7,128927,0.4,0,0
2/5/22,50-64,"Black, non-Latinx",145449,116155,0.8,107700,0.7,55805,0.4,0,0
8/13/22,30-49,"Black, non-Latinx",197825,130180,0.7,118055,0.6,48097,0.2,0,0
8/6/22,0-4,"Asian, non-Latinx",9998,1260,0.1,220,0,0,0,0,0
5/22/21,18-29,"Other, non-Latinx",11506,11194,1,8771,0.8,0,0,0,0
4/2/22,65+,"Other, non-Latinx",3206,7896,1,6745,1,4021,1,0,0
4/10/21,50-64,Unknown,,7309,,4072,,0,,0,
4/17/21,18-29,"White, non-Latinx",187581,89345,0.5,48543,0.3,0,0,0,0
11/19/22,30-49,"Asian, non-Latinx",64910,55385,0.9,50056,0.8,35297,0.5,13682,0.2
1/22/22,50-64,"Other, non-Latinx",3063,13448,1,11319,1,4237,1,0,0
8/13/22,30-49,Latinx,226340,198906,0.9,181002,0.8,89900,0.4,0,0
12/25/21,30-49,Unknown,,27683,,23335,,4902,,0,
3/13/21,30-49,"Other, non-Latinx",10186,4721,0.5,2846,0.3,0,0,0,0
3/4/23,11-May,"White, non-Latinx",43777,27792,0.6,25913,0.6,8396,0.2,7570,0.2
1/21/23,0-4,"White, non-Latinx",42995,12229,0.3,9059,0.2,19,0,1032,0
4/24/21,50-64,"Black, non-Latinx",145449,72166,0.5,51925,0.4,0,0,0,0
10/23/21,65+,Unknown,,9547,,8108,,451,,0,
8/27/22,18-29,All,526788,435586,0.8,372652,0.7,161147,0.3,0,0
7/10/21,65+,"Asian, non-Latinx",26955,17973,0.7,17044,0.6,0,0,0,0
4/9/22,50-64,"Asian, non-Latinx",27117,24794,0.9,22826,0.8,16388,0.6,0,0
10/8/22,18-29,"Asian, non-Latinx",41068,42998,1,35909,0.9,20833,0.5,2970,0.1
9/24/22,50-64,All,439599,400165,0.9,371751,0.8,246574,0.6,21555,0
6/25/22,0-4,"White, non-Latinx",42995,1203,0,0,0,0,0,0,0
8/21/21,50-64,Latinx,114048,94743,0.8,89252,0.8,141,0,0,0
6/3/23,18-29,"White, non-Latinx",187581,152346,0.8,127894,0.7,67844,0.4,36605,0.2
1/21/23,50-64,"Black, non-Latinx",145449,120656,0.8,111829,0.8,69211,0.5,32433,0.2
8/14/21,50-64,Latinx,114048,94186,0.8,88643,0.8,13,0,0,0
2/18/23,50-64,"Black, non-Latinx",145449,120811,0.8,111899,0.8,69229,0.5,34391,0.2
5/8/21,30-49,Unknown,,18947,,13816,,0,,0,
5/22/21,30-49,"Asian, non-Latinx",64910,43488,0.7,38258,0.6,0,0,0,0
9/17/22,65+,Unknown,,11219,,8849,,4136,,141,
5/15/21,17-Dec,"Other, non-Latinx",3047,810,0.3,271,0.1,0,0,0,0
2/6/21,18-29,"Black, non-Latinx",139472,2557,0,969,0,0,0,0,0
6/19/21,18-29,"Other, non-Latinx",11506,12449,1,10624,0.9,0,0,0,0
5/22/21,30-49,"Other, non-Latinx",10186,17370,1,14274,1,0,0,0,0
8/6/22,18-29,"Black, non-Latinx",139472,73379,0.5,61259,0.4,17937,0.1,0,0
9/25/21,50-64,"Asian, non-Latinx",27117,22639,0.8,21685,0.8,296,0,0,0
6/4/22,30-49,"Other, non-Latinx",10186,30545,1,25802,1,9453,0.9,0,0
7/9/22,30-49,"White, non-Latinx",310259,237436,0.8,221611,0.7,153899,0.5,0,0
10/23/21,30-49,"Other, non-Latinx",10186,25875,1,22415,1,911,0.1,0,0
9/3/22,18-29,"White, non-Latinx",187581,147234,0.8,127635,0.7,67783,0.4,27,0
12/18/21,50-64,"White, non-Latinx",149921,115052,0.8,108827,0.7,59331,0.4,0,0
10/1/22,30-49,"Other, non-Latinx",10186,30955,1,25961,1,9761,1,1127,0.1
5/8/21,30-49,All,809519,458672,0.6,366864,0.5,0,0,0,0
7/15/23,18-29,"White, non-Latinx",187581,152427,0.8,127895,0.7,67845,0.4,36916,0.2
7/29/23,0-4,All,162797,33639,0.2,18070,0.1,84,0,11839,0.1
10/23/21,18-29,"Asian, non-Latinx",41068,35959,0.9,33321,0.8,1624,0,0,0
12/31/22,65+,All,362629,297144,0.8,273552,0.8,218802,0.6,139420,0.4
5/29/21,30-49,All,809519,495082,0.6,438843,0.5,0,0,0,0
2/11/23,65+,All,362629,297741,0.8,273613,0.8,218830,0.6,149733,0.4
9/2/23,50-64,"Other, non-Latinx",3063,14479,1,11890,1,5466,1,2932,1
3/5/22,50-64,"White, non-Latinx",149921,117296,0.8,110679,0.7,78084,0.5,0,0
2/27/21,65+,"Other, non-Latinx",3206,2776,0.9,1271,0.4,0,0,0,0
12/31/22,30-49,Unknown,,33195,,25565,,7807,,3855,
1/8/22,65+,"Asian, non-Latinx",26955,19517,0.7,18334,0.7,13366,0.5,0,0
11/19/22,18-29,"Asian, non-Latinx",41068,43602,1,35939,0.9,20836,0.5,6514,0.2
8/20/22,65+,Unknown,,11149,,8831,,4109,,0,
9/10/22,50-64,"White, non-Latinx",149921,118541,0.8,112830,0.8,82650,0.6,2748,0
9/4/21,65+,"Asian, non-Latinx",26955,18422,0.7,17574,0.7,222,0,0,0
3/27/21,50-64,"Other, non-Latinx",3063,3620,1,1776,0.6,0,0,0,0
7/17/21,50-64,"Black, non-Latinx",145449,94677,0.7,86767,0.6,0,0,0,0
6/10/23,0-4,"Asian, non-Latinx",9998,2873,0.3,1557,0.2,6,0,935,0.1
5/20/23,30-49,Latinx,226340,203490,0.9,181665,0.8,90499,0.4,37921,0.2
8/14/21,18-29,"Asian, non-Latinx",41068,33934,0.8,31445,0.8,3,0,0,0
11/6/21,65+,"Asian, non-Latinx",26955,18882,0.7,17999,0.7,5976,0.2,0,0
5/13/23,18-29,"White, non-Latinx",187581,152301,0.8,127894,0.7,67842,0.4,36411,0.2
3/25/23,50-64,"Asian, non-Latinx",27117,25784,1,23214,0.9,17232,0.6,8614,0.3
3/27/21,30-49,Unknown,,10006,,5724,,0,,0,
1/21/23,18-29,"Other, non-Latinx",11506,22959,1,17439,1,5044,0.4,2052,0.2
2/19/22,30-49,"Other, non-Latinx",10186,30079,1,25410,1,8640,0.8,0,0
8/20/22,0-4,Unknown,,1626,,471,,3,,0,
5/7/22,30-49,Latinx,226340,197659,0.9,180272,0.8,86559,0.4,0,0
9/18/21,18-29,"Asian, non-Latinx",41068,35092,0.9,32538,0.8,113,0,0,0
8/20/22,65+,"Asian, non-Latinx",26955,20173,0.7,18948,0.7,15949,0.6,0,0
6/25/22,50-64,"White, non-Latinx",149921,118139,0.8,112369,0.8,81604,0.5,0,0
1/28/23,0-4,All,162797,28838,0.2,16871,0.1,53,0,2331,0
4/22/23,30-49,"Other, non-Latinx",10186,31681,1,26068,1,9778,1,4602,0.5
8/12/23,18-29,"Other, non-Latinx",11506,23216,1,17483,1,5047,0.4,2520,0.2
6/3/23,50-64,Unknown,,16698,,12793,,4707,,2296,
7/22/23,65+,"Asian, non-Latinx",26955,20616,0.8,18983,0.7,15994,0.6,10687,0.4
1/22/22,18-29,All,526788,410709,0.8,348087,0.7,122614,0.2,0,0
7/1/23,30-49,All,809519,701568,0.9,625692,0.8,347288,0.4,192468,0.2
4/23/22,30-49,"Asian, non-Latinx",64910,54210,0.8,49757,0.8,34110,0.5,0,0
7/23/22,50-64,"White, non-Latinx",149921,118289,0.8,112631,0.8,82188,0.5,0,0
2/25/23,0-4,"Other, non-Latinx",6925,1261,0.2,625,0.1,0,0,123,0
12/10/22,65+,"White, non-Latinx",135462,103499,0.8,97427,0.7,80730,0.6,58170,0.4
2/4/23,50-64,Latinx,114048,108150,0.9,99765,0.9,67521,0.6,29463,0.3
10/30/21,30-49,All,809519,606009,0.7,563328,0.7,46599,0.1,0,0
12/4/21,65+,"Asian, non-Latinx",26955,19184,0.7,18190,0.7,10441,0.4,0,0
10/1/22,30-49,"Black, non-Latinx",197825,131001,0.7,118586,0.6,48658,0.2,4110,0
2/25/23,50-64,All,439599,405722,0.9,372482,0.8,246862,0.6,132936,0.3
7/8/23,65+,All,362629,298773,0.8,273691,0.8,218884,0.6,161977,0.4
1/8/22,50-64,"Other, non-Latinx",3063,13240,1,11192,1,3768,1,0,0
2/19/22,50-64,"Black, non-Latinx",145449,116804,0.8,108561,0.7,58372,0.4,0,0
12/24/22,65+,All,362629,296995,0.8,273536,0.8,218802,0.6,137041,0.4
3/25/23,30-49,"Other, non-Latinx",10186,31645,1,26062,1,9776,1,4516,0.4
12/18/21,65+,"Asian, non-Latinx",26955,19309,0.7,18263,0.7,12108,0.4,0,0
2/4/23,30-49,"Black, non-Latinx",197825,132788,0.7,119549,0.6,48768,0.2,19439,0.1
3/6/21,65+,Latinx,71039,28651,0.4,13696,0.2,0,0,0,0
2/18/23,30-49,All,809519,698505,0.9,625135,0.8,347237,0.4,179447,0.2
12/31/22,0-4,"Asian, non-Latinx",9998,2447,0.2,1408,0.1,4,0,62,0
5/27/23,50-64,"White, non-Latinx",149921,119984,0.8,112922,0.8,82705,0.6,55638,0.4
2/11/23,0-4,"White, non-Latinx",42995,12447,0.3,9189,0.2,22,0,1610,0
4/2/22,30-49,"White, non-Latinx",310259,236635,0.8,220769,0.7,150421,0.5,0,0
7/10/21,50-64,All,439599,332509,0.8,311043,0.7,0,0,0,0
3/4/23,30-49,Unknown,,33492,,25596,,7812,,4313,
6/5/21,18-29,"White, non-Latinx",187581,116272,0.6,104432,0.6,0,0,0,0
10/15/22,0-4,All,162797,22313,0.1,11030,0.1,21,0,0,0
9/9/23,30-49,"Other, non-Latinx",10186,31830,1,26070,1,9779,1,4903,0.5
1/16/21,50-64,Unknown,,883,,225,,0,,0,
5/15/21,18-29,Latinx,147161,71879,0.5,54677,0.4,0,0,0,0
4/22/23,50-64,Unknown,,16652,,12793,,4706,,2224,
8/26/23,50-64,"Other, non-Latinx",3063,14477,1,11890,1,5466,1,2925,1
4/2/22,18-29,"Asian, non-Latinx",41068,41896,1,35567,0.9,19518,0.5,0,0
8/27/22,30-49,"Other, non-Latinx",10186,30779,1,25928,1,9738,1,0,0
10/30/21,65+,Latinx,71039,52578,0.7,49892,0.7,9461,0.1,0,0
7/3/21,65+,All,362629,256761,0.7,242098,0.7,0,0,0,0
1/1/22,65+,Latinx,71039,54605,0.8,51279,0.7,32498,0.5,0,0
6/26/21,18-29,"Asian, non-Latinx",41068,32452,0.8,29806,0.7,0,0,0,0
4/22/23,0-4,"White, non-Latinx",42995,13016,0.3,9551,0.2,34,0,3049,0.1
10/1/22,17-Dec,"Black, non-Latinx",57964,33776,0.6,29254,0.5,6726,0.1,473,0
4/2/22,11-May,"Black, non-Latinx",66458,21701,0.3,17301,0.3,50,0,0,0
2/20/21,17-Dec,"Asian, non-Latinx",8804,31,0,9,0,0,0,0,0
6/17/23,0-4,Unknown,,2900,,1977,,7,,965,
10/9/21,18-29,"Asian, non-Latinx",41068,35674,0.9,33031,0.8,903,0,0,0
7/30/22,11-May,"White, non-Latinx",43777,26953,0.6,24977,0.6,5864,0.1,0,0
6/24/23,11-May,Unknown,,4011,,3065,,670,,701,
9/4/21,17-Dec,"Other, non-Latinx",3047,3574,1,2634,0.9,4,0,0,0
4/15/23,11-May,All,210448,119395,0.6,103886,0.5,21237,0.1,20321,0.1
7/16/22,17-Dec,Unknown,,3271,,2494,,672,,0,
2/6/21,17-Dec,All,180859,126,0,18,0,0,0,0,0
11/6/21,17-Dec,"White, non-Latinx",35643,23356,0.7,21418,0.6,64,0,0,0
12/19/20,11-May,All,210448,0,0,0,0,0,0,0,0
8/19/23,11-May,All,210448,120791,0.6,103932,0.5,21266,0.1,24862,0.1
11/13/21,11-May,Unknown,,1071,,0,,0,,0,
8/5/23,17-Dec,"White, non-Latinx",35643,26450,0.7,24174,0.7,11968,0.3,7739,0.2
7/8/23,11-May,Unknown,,4015,,3065,,670,,715,
11/13/21,11-May,All,210448,29992,0.1,5,0,0,0,0,0
1/16/21,65+,Unknown,,377,,44,,0,,0,
3/27/21,17-Dec,All,180859,1224,0,308,0,0,0,0,0
4/2/22,11-May,"Asian, non-Latinx",10651,7437,0.7,6839,0.6,41,0,0,0
12/19/20,17-Dec,"Black, non-Latinx",57964,0,0,0,0,0,0,0,0
6/17/23,17-Dec,"Other, non-Latinx",3047,5420,1,4226,1,970,0.3,505,0.2
12/10/22,11-May,"Asian, non-Latinx",10651,8158,0.8,7586,0.7,2073,0.2,1143,0.1
8/14/21,17-Dec,"White, non-Latinx",35643,21058,0.6,18459,0.5,1,0,0,0
1/8/22,17-Dec,Unknown,,2797,,2154,,157,,0,
12/10/22,17-Dec,All,180859,146967,0.8,130713,0.7,44535,0.2,16654,0.1
1/2/21,17-Dec,"Black, non-Latinx",57964,4,0,0,0,0,0,0,0
12/18/21,11-May,"White, non-Latinx",43777,20559,0.5,16772,0.4,43,0,0,0
1/23/21,17-Dec,"Other, non-Latinx",3047,1,0,1,0,0,0,0,0
1/9/21,18-29,Latinx,147161,2222,0,300,0,0,0,0,0
11/19/22,11-May,"Black, non-Latinx",66458,24245,0.4,19549,0.3,2474,0,790,0
3/13/21,17-Dec,Latinx,76627,158,0,42,0,0,0,0,0
7/24/21,11-May,Latinx,83432,0,0,0,0,0,0,0,0
1/23/21,17-Dec,"Black, non-Latinx",57964,12,0,1,0,0,0,0,0
6/4/22,11-May,Unknown,,3553,,2805,,131,,0,
8/26/23,17-Dec,"Black, non-Latinx",57964,34432,0.6,29555,0.5,6770,0.1,4521,0.1
3/5/22,11-May,"Black, non-Latinx",66458,20937,0.3,16090,0.2,46,0,0,0
9/18/21,11-May,Unknown,,0,,0,,0,,0,
11/19/22,17-Dec,All,180859,146697,0.8,130617,0.7,44513,0.2,13482,0.1
5/22/21,11-May,"Asian, non-Latinx",10651,0,0,0,0,0,0,0,0
9/16/23,11-May,Latinx,83432,51612,0.6,43945,0.5,7095,0.1,9802,0.1
7/15/23,17-Dec,All,180859,148664,0.8,131165,0.7,44592,0.2,26798,0.1
4/16/22,50-64,"Asian, non-Latinx",27117,24819,0.9,22853,0.8,16457,0.6,0,0
8/5/23,17-Dec,Latinx,76627,71013,0.9,63135,0.8,20533,0.3,12544,0.2
5/29/21,11-May,"White, non-Latinx",43777,0,0,0,0,0,0,0,0
7/8/23,17-Dec,"Asian, non-Latinx",8804,8079,0.9,7534,0.9,3610,0.4,1763,0.2
7/3/21,18-29,Latinx,147161,87880,0.6,78482,0.5,0,0,0,0
8/7/21,11-May,"Asian, non-Latinx",10651,0,0,0,0,0,0,0,0
5/14/22,17-Dec,"Black, non-Latinx",57964,32883,0.6,28398,0.5,4764,0.1,0,0
4/9/22,11-May,Unknown,,3441,,2741,,5,,0,
10/16/21,17-Dec,All,180859,114911,0.6,100780,0.6,240,0,0,0
9/10/22,11-May,"Asian, non-Latinx",10651,8021,0.8,7451,0.7,1905,0.2,0,0
6/25/22,18-29,"Other, non-Latinx",11506,22064,1,17249,1,4889,0.4,0,0
11/26/22,11-May,"Other, non-Latinx",6225,3975,0.6,3278,0.5,506,0.1,299,0
5/29/21,11-May,"Black, non-Latinx",66458,0,0,0,0,0,0,0,0
1/1/22,11-May,All,210448,71764,0.3,50185,0.2,149,0,0,0
7/15/23,17-Dec,"White, non-Latinx",35643,26446,0.7,24174,0.7,11968,0.3,7665,0.2
12/4/21,17-Dec,"White, non-Latinx",35643,23825,0.7,21893,0.6,133,0,0,0
5/13/23,11-May,All,210448,119703,0.6,103922,0.5,21244,0.1,21409,0.1
9/11/21,17-Dec,"Other, non-Latinx",3047,3670,1,2768,0.9,6,0,0,0
1/21/23,11-May,"Other, non-Latinx",6225,4031,0.6,3318,0.5,510,0.1,449,0.1
4/30/22,11-May,All,210448,108423,0.5,94474,0.4,404,0,0,0
10/30/21,11-May,"Black, non-Latinx",66458,0,0,0,0,0,0,0,0
5/20/23,11-May,All,210448,119780,0.6,103923,0.5,21244,0.1,21622,0.1
8/19/23,11-May,Unknown,,4028,,3065,,670,,762,
7/3/21,11-May,"White, non-Latinx",43777,0,0,0,0,0,0,0,0
4/1/23,17-Dec,"Other, non-Latinx",3047,5402,1,4222,1,970,0.3,463,0.2
3/11/23,11-May,"Other, non-Latinx",6225,4067,0.7,3346,0.5,510,0.1,508,0.1
6/25/22,17-Dec,Latinx,76627,68563,0.9,62196,0.8,16749,0.2,0,0
1/21/23,30-49,Unknown,,33343,,25577,,7809,,4090,
7/31/21,11-May,"Black, non-Latinx",66458,0,0,0,0,0,0,0,0
5/7/22,11-May,Unknown,,3489,,2766,,5,,0,
10/29/22,11-May,All,210448,116560,0.6,101818,0.5,21044,0.1,3543,0
2/18/23,11-May,All,210448,118816,0.6,103451,0.5,21204,0.1,17987,0.1
5/22/21,17-Dec,"Black, non-Latinx",57964,6274,0.1,1663,0,0,0,0,0
12/18/21,11-May,"Black, non-Latinx",66458,10050,0.2,5697,0.1,7,0,0,0
9/17/22,17-Dec,Latinx,76627,69216,0.9,62665,0.8,20441,0.3,447,0
5/22/21,17-Dec,All,180859,44235,0.2,11915,0.1,0,0,0,0
8/12/23,17-Dec,All,180859,148900,0.8,131165,0.7,44594,0.2,27738,0.2
8/21/21,11-May,"White, non-Latinx",43777,0,0,0,0,0,0,0,0
3/25/23,65+,Latinx,71039,57735,0.8,53081,0.7,43051,0.6,26062,0.4
9/3/22,11-May,"Black, non-Latinx",66458,23624,0.4,19026,0.3,2056,0,0,0
9/24/22,11-May,Latinx,83432,48636,0.6,42495,0.5,6451,0.1,0,0
4/24/21,11-May,Unknown,,0,,0,,0,,0,
8/5/23,11-May,All,210448,120569,0.6,103932,0.5,21263,0.1,24233,0.1
3/11/23,11-May,"Asian, non-Latinx",10651,8241,0.8,7648,0.7,2077,0.2,1698,0.2
1/16/21,11-May,"Asian, non-Latinx",10651,0,0,0,0,0,0,0,0
9/16/23,11-May,All,210448,121040,0.6,103933,0.5,21267,0.1,25432,0.1
4/16/22,11-May,"White, non-Latinx",43777,25928,0.6,23961,0.5,102,0,0,0
10/1/22,11-May,All,210448,115744,0.6,101116,0.5,20270,0.1,0,0
4/29/23,17-Dec,"Other, non-Latinx",3047,5413,1,4225,1,970,0.3,480,0.2
9/17/22,11-May,Latinx,83432,48536,0.6,42412,0.5,6208,0.1,0,0
2/11/23,17-Dec,"Asian, non-Latinx",8804,8067,0.9,7529,0.9,3610,0.4,1553,0.2
12/25/21,11-May,Latinx,83432,24685,0.3,15745,0.2,46,0,0,0
7/10/21,11-May,"Asian, non-Latinx",10651,0,0,0,0,0,0,0,0
8/19/23,17-Dec,Latinx,76627,71117,0.9,63135,0.8,20533,0.3,12858,0.2
11/26/22,17-Dec,All,180859,146793,0.8,130641,0.7,44514,0.2,14767,0.1
12/31/22,17-Dec,"White, non-Latinx",35643,26391,0.7,24150,0.7,11965,0.3,6581,0.2
11/12/22,17-Dec,"Asian, non-Latinx",8804,8038,0.9,7520,0.9,3610,0.4,889,0.1
5/14/22,11-May,Unknown,,3511,,2777,,5,,0,
4/24/21,17-Dec,"Other, non-Latinx",3047,306,0.1,43,0,0,0,0,0
4/8/23,17-Dec,All,180859,147967,0.8,131114,0.7,44574,0.2,24104,0.1
5/22/21,17-Dec,Unknown,,1014,,224,,0,,0,
9/24/22,11-May,All,210448,115525,0.5,100921,0.5,19813,0.1,0,0
12/17/22,11-May,Unknown,,3931,,3039,,669,,450,
2/27/21,17-Dec,Latinx,76627,82,0,23,0,0,0,0,0
1/2/21,11-May,"Asian, non-Latinx",10651,0,0,0,0,0,0,0,0
3/5/22,11-May,Unknown,,3364,,2646,,5,,0,
11/6/21,11-May,Latinx,83432,978,0,0,0,0,0,0,0
8/19/23,17-Dec,"Other, non-Latinx",3047,5433,1,4226,1,970,0.3,548,0.2
2/6/21,17-Dec,Latinx,76627,29,0,3,0,0,0,0,0
2/13/21,11-May,Unknown,,0,,0,,0,,0,
3/13/21,17-Dec,"Black, non-Latinx",57964,103,0,30,0,0,0,0,0
10/30/21,11-May,All,210448,0,0,0,0,0,0,0,0
3/12/22,11-May,Unknown,,3381,,2675,,5,,0,
2/19/22,11-May,"Asian, non-Latinx",10651,7221,0.7,6507,0.6,36,0,0,0
1/23/21,17-Dec,All,180859,49,0,6,0,0,0,0,0
12/24/22,11-May,"Asian, non-Latinx",10651,8174,0.8,7598,0.7,2074,0.2,1306,0.1
2/19/22,50-64,Unknown,,15096,,12417,,4080,,0,
5/13/23,17-Dec,All,180859,148240,0.8,131157,0.7,44579,0.2,25148,0.1
6/24/23,17-Dec,"White, non-Latinx",35643,26443,0.7,24173,0.7,11968,0.3,7612,0.2
6/12/21,11-May,All,210448,0,0,0,0,0,0,0,0
3/4/23,17-Dec,"Asian, non-Latinx",8804,8068,0.9,7532,0.9,3610,0.4,1601,0.2
1/2/21,17-Dec,Latinx,76627,1,0,0,0,0,0,0,0
1/1/22,17-Dec,Unknown,,2734,,2129,,83,,0,
11/6/21,17-Dec,"Black, non-Latinx",57964,23415,0.4,19890,0.3,62,0,0,0
7/24/21,11-May,All,210448,0,0,0,0,0,0,0,0
8/20/22,17-Dec,"Other, non-Latinx",3047,5280,1,4186,1,953,0.3,0,0
12/3/22,11-May,"White, non-Latinx",43777,27643,0.6,25776,0.6,8386,0.2,5375,0.1
4/16/22,11-May,Latinx,83432,45442,0.5,39604,0.5,189,0,0,0
1/29/22,17-Dec,All,180859,136851,0.8,117678,0.7,21795,0.1,0,0
5/13/23,17-Dec,"Other, non-Latinx",3047,5416,1,4225,1,970,0.3,488,0.2
7/17/21,17-Dec,"Asian, non-Latinx",8804,5949,0.7,5089,0.6,0,0,0,0
5/7/22,11-May,Latinx,83432,45815,0.5,40093,0.5,196,0,0,0
1/30/21,11-May,Latinx,83432,0,0,0,0,0,0,0,0
2/4/23,17-Dec,All,180859,147502,0.8,130907,0.7,44558,0.2,21389,0.1
2/11/23,11-May,"Asian, non-Latinx",10651,8230,0.8,7637,0.7,2076,0.2,1621,0.2
6/17/23,11-May,Latinx,83432,50904,0.6,43939,0.5,7088,0.1,8186,0.1
4/8/23,17-Dec,"Other, non-Latinx",3047,5406,1,4224,1,970,0.3,465,0.2
2/27/21,11-May,"Other, non-Latinx",6225,0,0,0,0,0,0,0,0
9/17/22,17-Dec,All,180859,145760,0.8,130221,0.7,44418,0.2,1509,0
10/15/22,11-May,"Black, non-Latinx",66458,23961,0.4,19349,0.3,2443,0,6,0
6/10/23,11-May,Latinx,83432,50861,0.6,43939,0.5,7087,0.1,8078,0.1
6/25/22,17-Dec,"White, non-Latinx",35643,26087,0.7,24025,0.7,11051,0.3,0,0
10/22/22,11-May,All,210448,116342,0.6,101668,0.5,21006,0.1,1571,0
4/2/22,17-Dec,Unknown,,3191,,2457,,546,,0,
2/27/21,30-49,"Black, non-Latinx",197825,15129,0.1,7549,0,0,0,0,0
2/6/21,17-Dec,"White, non-Latinx",35643,47,0,4,0,0,0,0,0
2/5/22,11-May,"Black, non-Latinx",66458,18942,0.3,12598,0.2,29,0,0,0
6/24/23,17-Dec,All,180859,148534,0.8,131163,0.7,44590,0.2,26263,0.1
11/13/21,17-Dec,"Asian, non-Latinx",8804,7251,0.8,6756,0.8,12,0,0,0
1/15/22,11-May,"Other, non-Latinx",6225,2790,0.4,1885,0.3,1,0,0,0
12/18/21,17-Dec,All,180859,124627,0.7,110275,0.6,1872,0,0,0
7/10/21,17-Dec,"White, non-Latinx",35643,18985,0.5,16614,0.5,0,0,0,0
8/19/23,17-Dec,All,180859,148971,0.8,131166,0.7,44595,0.2,28027,0.2
3/20/21,17-Dec,"White, non-Latinx",35643,319,0,82,0,0,0,0,0
8/28/21,11-May,Latinx,83432,0,0,0,0,0,0,0,0
7/8/23,11-May,"Other, non-Latinx",6225,4122,0.7,3357,0.5,512,0.1,613,0.1
2/27/21,17-Dec,"Other, non-Latinx",3047,7,0,3,0,0,0,0,0
12/31/22,17-Dec,"Other, non-Latinx",3047,5375,1,4216,1,968,0.3,383,0.1
4/15/23,17-Dec,Latinx,76627,70438,0.9,63127,0.8,20520,0.3,10592,0.1
6/18/22,17-Dec,All,180859,144145,0.8,128961,0.7,37326,0.2,0,0
1/7/23,11-May,"Asian, non-Latinx",10651,8202,0.8,7606,0.7,2075,0.2,1478,0.1
9/16/23,17-Dec,"Black, non-Latinx",57964,34446,0.6,29555,0.5,6771,0.1,4588,0.1
4/17/21,17-Dec,Unknown,,118,,29,,0,,0,
2/26/22,11-May,All,210448,103865,0.5,86733,0.4,336,0,0,0
1/21/23,11-May,"White, non-Latinx",43777,27747,0.6,25869,0.6,8395,0.2,7094,0.2
8/27/22,11-May,Unknown,,3769,,2932,,539,,0,
5/8/21,11-May,Unknown,,0,,0,,0,,0,
8/21/21,11-May,"Other, non-Latinx",6225,0,0,0,0,0,0,0,0
9/9/23,17-Dec,"White, non-Latinx",35643,26456,0.7,24175,0.7,11968,0.3,7832,0.2
8/19/23,11-May,"Asian, non-Latinx",10651,8299,0.8,7660,0.7,2079,0.2,2112,0.2
5/6/23,17-Dec,"Black, non-Latinx",57964,34260,0.6,29553,0.5,6763,0.1,3848,0.1
2/13/21,17-Dec,All,180859,173,0,28,0,0,0,0,0
8/21/21,11-May,"Asian, non-Latinx",10651,0,0,0,0,0,0,0,0
4/1/23,17-Dec,Unknown,,3445,,2541,,745,,443,
6/19/21,17-Dec,All,180859,66115,0.4,48259,0.3,0,0,0,0
8/12/23,11-May,Latinx,83432,51364,0.6,43945,0.5,7094,0.1,9297,0.1
7/31/21,17-Dec,"Asian, non-Latinx",8804,6251,0.7,5514,0.6,0,0,0,0
11/20/21,17-Dec,"Other, non-Latinx",3047,4353,1,3419,1,14,0,0,0
11/6/21,11-May,Unknown,,240,,0,,0,,0,
11/19/22,17-Dec,"Asian, non-Latinx",8804,8042,0.9,7521,0.9,3610,0.4,965,0.1
11/20/21,11-May,"Black, non-Latinx",66458,6171,0.1,1,0,0,0,0,0
3/11/23,17-Dec,"Black, non-Latinx",57964,34178,0.6,29516,0.5,6758,0.1,3495,0.1
6/5/21,17-Dec,Unknown,,1288,,539,,0,,0,
2/18/23,17-Dec,"Other, non-Latinx",3047,5393,1,4220,1,969,0.3,439,0.1
8/20/22,11-May,"Black, non-Latinx",66458,23448,0.4,18886,0.3,1851,0,0,0
11/26/22,11-May,"Black, non-Latinx",66458,24271,0.4,19569,0.3,2476,0,907,0
12/19/20,11-May,"Asian, non-Latinx",10651,0,0,0,0,0,0,0,0
1/9/21,17-Dec,"Other, non-Latinx",3047,1,0,0,0,0,0,0,0
8/12/23,17-Dec,"Black, non-Latinx",57964,34408,0.6,29555,0.5,6768,0.1,4414,0.1
10/15/22,11-May,"Other, non-Latinx",6225,3915,0.6,3249,0.5,500,0.1,3,0
7/22/23,17-Dec,"White, non-Latinx",35643,26448,0.7,24174,0.7,11968,0.3,7694,0.2
9/2/23,17-Dec,"Other, non-Latinx",3047,5436,1,4226,1,970,0.3,554,0.2
12/4/21,17-Dec,Latinx,76627,58919,0.8,52546,0.7,268,0,0,0
2/25/23,11-May,All,210448,118917,0.6,103520,0.5,21211,0.1,18357,0.1
4/23/22,17-Dec,All,180859,143108,0.8,127940,0.7,33698,0.2,0,0
8/27/22,17-Dec,All,180859,145502,0.8,130020,0.7,44085,0.2,0,0
11/12/22,17-Dec,Latinx,76627,69577,0.9,62844,0.8,20487,0.3,4436,0.1
11/27/21,17-Dec,Latinx,76627,58559,0.8,51850,0.7,233,0,0,0
4/17/21,17-Dec,"Asian, non-Latinx",8804,468,0.1,85,0,0,0,0,0
10/9/21,11-May,"Other, non-Latinx",6225,0,0,0,0,0,0,0,0
7/23/22,17-Dec,"Black, non-Latinx",57964,33372,0.6,28913,0.5,5837,0.1,0,0
11/20/21,11-May,"Asian, non-Latinx",10651,3420,0.3,1,0,0,0,0,0
10/8/22,17-Dec,"White, non-Latinx",35643,26241,0.7,24124,0.7,11955,0.3,1974,0.1
4/2/22,17-Dec,All,180859,142627,0.8,127438,0.7,32264,0.2,0,0
9/18/21,17-Dec,"Black, non-Latinx",57964,20703,0.4,16734,0.3,30,0,0,0
1/28/23,17-Dec,"Black, non-Latinx",57964,34107,0.6,29456,0.5,6754,0.1,3126,0.1
6/12/21,17-Dec,All,180859,62576,0.3,39779,0.2,0,0,0,0
6/18/22,11-May,Latinx,83432,46495,0.6,40793,0.5,1341,0,0,0
7/16/22,11-May,"White, non-Latinx",43777,26824,0.6,24844,0.6,5185,0.1,0,0
4/17/21,30-49,All,809519,390238,0.5,238588,0.3,0,0,0,0
6/3/23,17-Dec,Latinx,76627,70713,0.9,63133,0.8,20530,0.3,11471,0.2
4/2/22,11-May,"White, non-Latinx",43777,25800,0.6,23831,0.5,99,0,0,0
2/13/21,17-Dec,"Asian, non-Latinx",8804,26,0,6,0,0,0,0,0
1/21/23,11-May,"Asian, non-Latinx",10651,8214,0.8,7622,0.7,2076,0.2,1562,0.1
6/24/23,11-May,"White, non-Latinx",43777,27861,0.6,25935,0.6,8399,0.2,8391,0.2
7/29/23,17-Dec,"White, non-Latinx",35643,26449,0.7,24174,0.7,11968,0.3,7714,0.2
5/1/21,17-Dec,"Black, non-Latinx",57964,1847,0,380,0,0,0,0,0
4/8/23,11-May,"Asian, non-Latinx",10651,8247,0.8,7655,0.7,2077,0.2,1789,0.2
11/26/22,17-Dec,"Black, non-Latinx",57964,33966,0.6,29372,0.5,6745,0.1,2040,0
6/11/22,17-Dec,"Other, non-Latinx",3047,5218,1,4156,1,816,0.3,0,0
9/9/23,11-May,"Black, non-Latinx",66458,25023,0.4,19969,0.3,2511,0,3238,0
3/12/22,17-Dec,Latinx,76627,67683,0.9,61058,0.8,12977,0.2,0,0
9/2/23,17-Dec,"Asian, non-Latinx",8804,8082,0.9,7534,0.9,3610,0.4,1822,0.2
8/7/21,17-Dec,"Black, non-Latinx",57964,15888,0.3,11726,0.2,0,0,0,0
7/1/23,11-May,"Asian, non-Latinx",10651,8277,0.8,7660,0.7,2079,0.2,1994,0.2
3/20/21,11-May,"Asian, non-Latinx",10651,0,0,0,0,0,0,0,0
2/5/22,17-Dec,Unknown,,3050,,2302,,432,,0,
10/23/21,17-Dec,Unknown,,2419,,1935,,1,,0,
1/28/23,11-May,"Black, non-Latinx",66458,24540,0.4,19787,0.3,2494,0,1797,0
3/6/21,11-May,"Asian, non-Latinx",10651,0,0,0,0,0,0,0,0
11/27/21,11-May,Latinx,83432,16745,0.2,691,0,1,0,0,0
3/20/21,11-May,Latinx,83432,0,0,0,0,0,0,0,0
9/18/21,65+,Unknown,,9377,,7968,,55,,0,
12/26/20,11-May,Unknown,,0,,0,,0,,0,
11/20/21,11-May,"White, non-Latinx",43777,16555,0.4,7,0,0,0,0,0
8/19/23,17-Dec,Unknown,,3465,,2541,,745,,516,
10/23/21,11-May,Unknown,,0,,0,,0,,0,
7/9/22,17-Dec,"White, non-Latinx",35643,26106,0.7,24048,0.7,11262,0.3,0,0
7/3/21,17-Dec,Latinx,76627,33225,0.4,25635,0.3,0,0,0,0
1/14/23,17-Dec,"Other, non-Latinx",3047,5383,1,4218,1,969,0.3,406,0.1
8/28/21,17-Dec,"Black, non-Latinx",57964,18958,0.3,14341,0.2,15,0,0,0
2/26/22,17-Dec,"Asian, non-Latinx",8804,7823,0.9,7351,0.8,2586,0.3,0,0
6/11/22,17-Dec,"White, non-Latinx",35643,26065,0.7,24001,0.7,10791,0.3,0,0
7/10/21,11-May,"White, non-Latinx",43777,0,0,0,0,0,0,0,0
1/28/23,0-4,"Black, non-Latinx",47946,2900,0.1,956,0,2,0,130,0
6/11/22,17-Dec,All,180859,144028,0.8,128845,0.7,36756,0.2,0,0
8/28/21,17-Dec,All,180859,103033,0.6,83865,0.5,89,0,0,0
9/3/22,17-Dec,"Black, non-Latinx",57964,33660,0.6,29156,0.5,6687,0.1,0,0
5/15/21,11-May,"Black, non-Latinx",66458,0,0,0,0,0,0,0,0
7/16/22,17-Dec,"Black, non-Latinx",57964,33333,0.6,28871,0.5,5708,0.1,0,0
7/15/23,11-May,"Black, non-Latinx",66458,24911,0.4,19968,0.3,2508,0,2869,0
2/20/21,17-Dec,"Black, non-Latinx",57964,38,0,11,0,0,0,0,0
12/26/20,17-Dec,"Asian, non-Latinx",8804,0,0,0,0,0,0,0,0
1/2/21,17-Dec,"Asian, non-Latinx",8804,2,0,0,0,0,0,0,0
6/25/22,11-May,All,210448,110845,0.5,96952,0.5,7799,0,0,0
3/5/22,17-Dec,"White, non-Latinx",35643,25843,0.7,23760,0.7,9378,0.3,0,0
3/18/23,17-Dec,Unknown,,3439,,2540,,745,,431,
7/1/23,17-Dec,"Other, non-Latinx",3047,5423,1,4226,1,970,0.3,514,0.2
2/19/22,17-Dec,Unknown,,3110,,2369,,477,,0,
9/11/21,17-Dec,"White, non-Latinx",35643,22307,0.6,19939,0.6,27,0,0,0
11/27/21,11-May,"Asian, non-Latinx",10651,4089,0.4,221,0,0,0,0,0
3/20/21,17-Dec,"Other, non-Latinx",3047,20,0,8,0,0,0,0,0
12/10/22,17-Dec,"Other, non-Latinx",3047,5357,1,4211,1,968,0.3,329,0.1
2/5/22,11-May,"White, non-Latinx",43777,24935,0.6,21973,0.5,82,0,0,0
5/29/21,11-May,"Other, non-Latinx",6225,0,0,0,0,0,0,0,0
1/29/22,17-Dec,"Other, non-Latinx",3047,4987,1,3836,1,520,0.2,0,0
2/11/23,11-May,Unknown,,3970,,3060,,669,,552,
6/17/23,17-Dec,"Black, non-Latinx",57964,34328,0.6,29554,0.5,6763,0.1,4063,0.1
1/16/21,11-May,"Black, non-Latinx",66458,0,0,0,0,0,0,0,0
7/16/22,17-Dec,All,180859,144650,0.8,129405,0.7,39673,0.2,0,0
4/30/22,17-Dec,"Black, non-Latinx",57964,32783,0.6,28303,0.5,4608,0.1,0,0
2/27/21,11-May,Latinx,83432,0,0,0,0,0,0,0,0
12/26/20,11-May,"White, non-Latinx",43777,0,0,0,0,0,0,0,0
5/8/21,11-May,"Black, non-Latinx",66458,0,0,0,0,0,0,0,0
8/26/23,0-4,"Black, non-Latinx",47946,3604,0.1,1063,0,4,0,1089,0
1/8/22,11-May,Latinx,83432,30047,0.4,19550,0.2,69,0,0,0
7/22/23,17-Dec,"Other, non-Latinx",3047,5426,1,4226,1,970,0.3,525,0.2
8/7/21,17-Dec,All,180859,91124,0.5,72761,0.4,0,0,0,0
1/15/22,17-Dec,"Asian, non-Latinx",8804,7647,0.9,7131,0.8,1358,0.2,0,0
9/9/23,11-May,"Asian, non-Latinx",10651,8312,0.8,7660,0.7,2079,0.2,2139,0.2
4/15/23,11-May,"Other, non-Latinx",6225,4086,0.7,3354,0.5,511,0.1,533,0.1
8/6/22,17-Dec,All,180859,145064,0.8,129711,0.7,41807,0.2,0,0
1/7/23,11-May,"White, non-Latinx",43777,27724,0.6,25855,0.6,8391,0.2,6839,0.2
12/11/21,11-May,"White, non-Latinx",43777,19868,0.5,15002,0.3,30,0,0,0
7/24/21,17-Dec,"Other, non-Latinx",3047,2533,0.8,1907,0.6,0,0,0,0
7/9/22,17-Dec,"Black, non-Latinx",57964,33271,0.6,28824,0.5,5583,0.1,0,0
2/6/21,17-Dec,"Other, non-Latinx",3047,3,0,1,0,0,0,0,0
10/16/21,17-Dec,"Other, non-Latinx",3047,4087,1,3204,1,8,0,0,0
3/18/23,11-May,Latinx,83432,50354,0.6,43816,0.5,7069,0.1,6572,0.1
5/8/21,11-May,"White, non-Latinx",43777,0,0,0,0,0,0,0,0
4/16/22,17-Dec,Unknown,,3211,,2462,,557,,0,
12/26/20,18-29,Latinx,147161,664,0,0,0,0,0,0,0
5/22/21,11-May,"Black, non-Latinx",66458,0,0,0,0,0,0,0,0
11/6/21,11-May,"Asian, non-Latinx",10651,432,0,0,0,0,0,0,0
10/15/22,17-Dec,"Black, non-Latinx",57964,33835,0.6,29293,0.5,6731,0.1,839,0
6/11/22,17-Dec,"Asian, non-Latinx",8804,7928,0.9,7466,0.8,3148,0.4,0,0
10/30/21,17-Dec,"Asian, non-Latinx",8804,7157,0.8,6682,0.8,9,0,0,0
1/30/21,17-Dec,"White, non-Latinx",35643,26,0,4,0,0,0,0,0
1/28/23,11-May,"White, non-Latinx",43777,27760,0.6,25879,0.6,8395,0.2,7198,0.2
4/24/21,11-May,"White, non-Latinx",43777,0,0,0,0,0,0,0,0
7/8/23,17-Dec,"White, non-Latinx",35643,26443,0.7,24173,0.7,11968,0.3,7640,0.2
11/13/21,11-May,"Asian, non-Latinx",10651,2307,0.2,0,0,0,0,0,0
1/15/22,17-Dec,Unknown,,2882,,2184,,265,,0,
12/18/21,11-May,All,210448,63054,0.3,43499,0.2,104,0,0,0
1/2/21,11-May,Latinx,83432,0,0,0,0,0,0,0,0
7/22/23,11-May,"Asian, non-Latinx",10651,8285,0.8,7660,0.7,2079,0.2,2041,0.2
4/15/23,17-Dec,"Other, non-Latinx",3047,5408,1,4224,1,970,0.3,471,0.2
1/28/23,11-May,"Other, non-Latinx",6225,4040,0.6,3321,0.5,510,0.1,459,0.1
3/19/22,17-Dec,"White, non-Latinx",35643,25887,0.7,23826,0.7,9651,0.3,0,0
11/5/22,11-May,"Black, non-Latinx",66458,24134,0.4,19464,0.3,2467,0,462,0
1/8/22,11-May,All,210448,78219,0.4,55051,0.3,180,0,0,0
6/3/23,11-May,Latinx,83432,50815,0.6,43939,0.5,7084,0.1,7974,0.1
7/8/23,11-May,"Black, non-Latinx",66458,24890,0.4,19968,0.3,2508,0,2813,0
4/8/23,11-May,All,210448,119325,0.6,103852,0.5,21232,0.1,20094,0.1
1/1/22,11-May,Unknown,,2496,,1746,,3,,0,
5/20/23,17-Dec,"White, non-Latinx",35643,26434,0.7,24171,0.7,11968,0.3,7499,0.2
2/27/21,17-Dec,"Black, non-Latinx",57964,45,0,15,0,0,0,0,0
9/2/23,11-May,All,210448,120957,0.6,103933,0.5,21267,0.1,25255,0.1
11/20/21,17-Dec,"White, non-Latinx",35643,23652,0.7,21607,0.6,91,0,0,0
9/10/22,11-May,"White, non-Latinx",43777,27298,0.6,25388,0.6,7695,0.2,0,0
12/11/21,11-May,"Black, non-Latinx",66458,8988,0.1,4693,0.1,4,0,0,0
10/16/21,11-May,Latinx,83432,0,0,0,0,0,0,0,0
7/15/23,11-May,"White, non-Latinx",43777,27873,0.6,25935,0.6,8400,0.2,8509,0.2
3/11/23,11-May,"White, non-Latinx",43777,27795,0.6,25918,0.6,8396,0.2,7628,0.2
9/9/23,17-Dec,"Other, non-Latinx",3047,5437,1,4226,1,970,0.3,555,0.2
6/10/23,17-Dec,"Asian, non-Latinx",8804,8076,0.9,7534,0.9,3610,0.4,1727,0.2
4/23/22,17-Dec,"White, non-Latinx",35643,25963,0.7,23914,0.7,10059,0.3,0,0
4/23/22,17-Dec,Unknown,,3216,,2464,,561,,0,
4/30/22,11-May,"Black, non-Latinx",66458,22035,0.3,17763,0.3,56,0,0,0
9/11/21,11-May,All,210448,0,0,0,0,0,0,0,0
7/3/21,17-Dec,"Black, non-Latinx",57964,11628,0.2,8688,0.2,0,0,0,0
1/9/21,11-May,Latinx,83432,0,0,0,0,0,0,0,0
6/26/21,11-May,"Asian, non-Latinx",10651,0,0,0,0,0,0,0,0
9/4/21,11-May,Unknown,,0,,0,,0,,0,
12/24/22,11-May,"White, non-Latinx",43777,27696,0.6,25840,0.6,8391,0.2,6424,0.1
7/17/21,17-Dec,"White, non-Latinx",35643,19380,0.5,17050,0.5,0,0,0,0
9/11/21,11-May,"Asian, non-Latinx",10651,0,0,0,0,0,0,0,0
2/19/22,11-May,All,210448,102549,0.5,83864,0.4,310,0,0,0
9/11/21,11-May,"Black, non-Latinx",66458,0,0,0,0,0,0,0,0
3/27/21,11-May,All,210448,0,0,0,0,0,0,0,0
1/15/22,11-May,Unknown,,2833,,1999,,3,,0,
8/12/23,11-May,"Black, non-Latinx",66458,24967,0.4,19968,0.3,2510,0,3068,0
12/11/21,11-May,All,210448,58593,0.3,37214,0.2,69,0,0,0
3/20/21,11-May,"Black, non-Latinx",66458,0,0,0,0,0,0,0,0
8/7/21,11-May,All,210448,0,0,0,0,0,0,0,0
10/15/22,17-Dec,"Asian, non-Latinx",8804,8020,0.9,7517,0.9,3610,0.4,440,0
1/29/22,11-May,"Other, non-Latinx",6225,3123,0.5,2202,0.4,1,0,0,0
1/15/22,11-May,"White, non-Latinx",43777,23701,0.5,19753,0.5,73,0,0,0
5/15/21,11-May,Latinx,83432,0,0,0,0,0,0,0,0
3/18/23,0-4,"Black, non-Latinx",47946,3186,0.1,1025,0,2,0,319,0
1/9/21,65+,"Black, non-Latinx",125967,1511,0,66,0,0,0,0,0
5/8/21,17-Dec,Latinx,76627,6458,0.1,1790,0,0,0,0,0
1/28/23,17-Dec,"Asian, non-Latinx",8804,8064,0.9,7528,0.9,3610,0.4,1532,0.2
6/24/23,17-Dec,"Other, non-Latinx",3047,5422,1,4226,1,970,0.3,511,0.2
2/11/23,17-Dec,All,180859,147549,0.8,130925,0.7,44558,0.2,21723,0.1
4/23/22,17-Dec,Latinx,76627,68142,0.9,61762,0.8,14850,0.2,0,0
8/13/22,17-Dec,Latinx,76627,68976,0.9,62504,0.8,19400,0.3,0,0
7/15/23,11-May,Latinx,83432,51122,0.6,43942,0.5,7092,0.1,8704,0.1
3/25/23,11-May,"Other, non-Latinx",6225,4072,0.7,3347,0.5,511,0.1,518,0.1
10/1/22,11-May,Unknown,,3818,,2985,,640,,0,
10/8/22,11-May,All,210448,115936,0.6,101306,0.5,20657,0.1,0,0
9/24/22,17-Dec,"Other, non-Latinx",3047,5298,1,4194,1,966,0.3,61,0
7/31/21,17-Dec,"Other, non-Latinx",3047,2693,0.9,1989,0.7,0,0,0,0
1/16/21,17-Dec,"Black, non-Latinx",57964,9,0,0,0,0,0,0,0
12/4/21,17-Dec,"Black, non-Latinx",57964,25258,0.4,21209,0.4,101,0,0,0
10/22/22,11-May,"Asian, non-Latinx",10651,8092,0.8,7524,0.7,2064,0.2,205,0
10/23/21,17-Dec,All,180859,115876,0.6,102100,0.6,256,0,0,0
2/13/21,11-May,"Other, non-Latinx",6225,0,0,0,0,0,0,0,0
12/25/21,11-May,Unknown,,2361,,1604,,0,,0,
2/12/22,17-Dec,"White, non-Latinx",35643,25714,0.7,23484,0.7,8766,0.2,0,0
4/29/23,11-May,"White, non-Latinx",43777,27824,0.6,25934,0.6,8398,0.2,8024,0.2
10/29/22,11-May,"White, non-Latinx",43777,27505,0.6,25679,0.6,8360,0.2,1920,0
5/7/22,17-Dec,Latinx,76627,68241,0.9,61889,0.8,15232,0.2,0,0
7/31/21,11-May,Latinx,83432,0,0,0,0,0,0,0,0
7/16/22,11-May,"Black, non-Latinx",66458,22820,0.3,18536,0.3,1035,0,0,0
7/10/21,11-May,All,210448,0,0,0,0,0,0,0,0
10/8/22,17-Dec,Unknown,,3354,,2525,,742,,114,
6/3/23,11-May,All,210448,119890,0.6,103924,0.5,21246,0.1,22030,0.1
12/18/21,11-May,Latinx,83432,22840,0.3,14505,0.2,38,0,0,0
12/3/22,17-Dec,"Other, non-Latinx",3047,5356,1,4210,1,968,0.3,312,0.1
7/29/23,11-May,"White, non-Latinx",43777,27878,0.6,25936,0.6,8400,0.2,8592,0.2
7/8/23,11-May,"White, non-Latinx",43777,27871,0.6,25935,0.6,8399,0.2,8462,0.2
8/13/22,17-Dec,"Other, non-Latinx",3047,5268,1,4182,1,941,0.3,0,0
8/6/22,11-May,All,210448,113222,0.5,98657,0.5,14014,0.1,0,0
7/1/23,17-Dec,"Asian, non-Latinx",8804,8079,0.9,7534,0.9,3610,0.4,1757,0.2
9/17/22,11-May,"White, non-Latinx",43777,27330,0.6,25461,0.6,7850,0.2,0,0
2/20/21,17-Dec,All,180859,214,0,53,0,0,0,0,0
3/12/22,17-Dec,"Asian, non-Latinx",8804,7846,0.9,7391,0.8,2709,0.3,0,0
1/21/23,17-Dec,All,180859,147384,0.8,130864,0.7,44553,0.2,20651,0.1
5/13/23,11-May,Latinx,83432,50697,0.6,43938,0.5,7083,0.1,7673,0.1
1/28/23,11-May,Unknown,,3963,,3056,,669,,530,
8/21/21,17-Dec,Unknown,,2118,,1593,,0,,0,
3/4/23,11-May,"Asian, non-Latinx",10651,8241,0.8,7646,0.7,2077,0.2,1678,0.2
7/2/22,11-May,"Black, non-Latinx",66458,22659,0.3,18416,0.3,773,0,0,0
12/4/21,11-May,Latinx,83432,18625,0.2,7076,0.1,11,0,0,0
6/25/22,17-Dec,All,180859,144250,0.8,129077,0.7,37907,0.2,0,0
6/25/22,11-May,"Asian, non-Latinx",10651,7748,0.7,7142,0.7,853,0.1,0,0
12/10/22,17-Dec,Unknown,,3405,,2535,,743,,332,
8/7/21,11-May,Unknown,,0,,0,,0,,0,
9/10/22,11-May,"Other, non-Latinx",6225,3874,0.6,3217,0.5,444,0.1,0,0
9/2/23,11-May,"White, non-Latinx",43777,27899,0.6,25936,0.6,8400,0.2,8778,0.2
1/21/23,17-Dec,"Other, non-Latinx",3047,5385,1,4218,1,969,0.3,414,0.1
4/2/22,17-Dec,"Other, non-Latinx",3047,5155,1,4123,1,734,0.2,0,0
7/15/23,17-Dec,"Black, non-Latinx",57964,34362,0.6,29555,0.5,6766,0.1,4220,0.1
8/26/23,17-Dec,Unknown,,3467,,2541,,745,,521,
9/18/21,11-May,"Black, non-Latinx",66458,0,0,0,0,0,0,0,0
4/10/21,17-Dec,"Black, non-Latinx",57964,423,0,102,0,0,0,0,0
12/17/22,11-May,"Other, non-Latinx",6225,4000,0.6,3296,0.5,507,0.1,370,0.1
2/27/21,17-Dec,All,180859,277,0,96,0,0,0,0,0
6/25/22,11-May,"Black, non-Latinx",66458,22597,0.3,18348,0.3,650,0,0,0
5/20/23,17-Dec,Latinx,76627,70650,0.9,63133,0.8,20524,0.3,11274,0.1
9/16/23,17-Dec,"Asian, non-Latinx",8804,8082,0.9,7534,0.9,3611,0.4,1824,0.2
12/4/21,11-May,"White, non-Latinx",43777,18988,0.4,10810,0.2,23,0,0,0
4/15/23,11-May,Unknown,,3991,,3065,,670,,621,
4/30/22,11-May,Latinx,83432,45719,0.5,39950,0.5,193,0,0,0
7/29/23,17-Dec,Unknown,,3465,,2541,,745,,506,
1/30/21,11-May,"Other, non-Latinx",6225,0,0,0,0,0,0,0,0
7/23/22,11-May,All,210448,112266,0.5,98033,0.5,11846,0.1,0,0
1/22/22,17-Dec,"Asian, non-Latinx",8804,7688,0.9,7172,0.8,1785,0.2,0,0
4/22/23,11-May,"White, non-Latinx",43777,27818,0.6,25934,0.6,8397,0.2,7977,0.2
3/18/23,11-May,"Other, non-Latinx",6225,4070,0.7,3347,0.5,510,0.1,513,0.1
4/22/23,11-May,Latinx,83432,50546,0.6,43935,0.5,7080,0.1,7216,0.1
3/19/22,11-May,Latinx,83432,44770,0.5,38534,0.5,177,0,0,0
11/13/21,17-Dec,Unknown,,2531,,1991,,2,,0,
3/12/22,17-Dec,Unknown,,3164,,2434,,520,,0,
9/25/21,17-Dec,All,180859,110897,0.6,95965,0.5,184,0,0,0
12/17/22,17-Dec,"White, non-Latinx",35643,26376,0.7,24146,0.7,11965,0.3,6240,0.2
1/1/22,17-Dec,All,180859,127389,0.7,111664,0.6,5029,0,0,0
7/16/22,11-May,Unknown,,3640,,2867,,370,,0,
12/11/21,17-Dec,Latinx,76627,59377,0.8,53150,0.7,345,0,0,0
1/22/22,17-Dec,Unknown,,2954,,2220,,347,,0,
8/19/23,11-May,"Other, non-Latinx",6225,4147,0.7,3358,0.5,512,0.1,666,0.1
11/27/21,17-Dec,"White, non-Latinx",35643,23748,0.7,21696,0.6,109,0,0,0
6/11/22,11-May,"Asian, non-Latinx",10651,7699,0.7,7071,0.7,573,0.1,0,0
3/6/21,11-May,Latinx,83432,0,0,0,0,0,0,0,0
12/19/20,17-Dec,All,180859,1,0,0,0,0,0,0,0
5/29/21,11-May,Latinx,83432,0,0,0,0,0,0,0,0
4/1/23,17-Dec,"Black, non-Latinx",57964,34221,0.6,29529,0.5,6761,0.1,3656,0.1
3/19/22,17-Dec,"Other, non-Latinx",3047,5145,1,4106,1,711,0.2,0,0
7/9/22,11-May,"Black, non-Latinx",66458,22731,0.3,18474,0.3,872,0,0,0
3/18/23,17-Dec,"White, non-Latinx",35643,26424,0.7,24165,0.7,11967,0.3,7257,0.2
8/7/21,11-May,"White, non-Latinx",43777,0,0,0,0,0,0,0,0
4/9/22,17-Dec,"Asian, non-Latinx",8804,7872,0.9,7424,0.8,2862,0.3,0,0
9/3/22,17-Dec,Latinx,76627,69136,0.9,62613,0.8,20396,0.3,3,0
6/26/21,11-May,All,210448,0,0,0,0,0,0,0,0
5/14/22,11-May,"Asian, non-Latinx",10651,7574,0.7,6965,0.7,43,0,0,0
4/24/21,17-Dec,All,180859,9924,0.1,1802,0,0,0,0,0
5/7/22,17-Dec,"Other, non-Latinx",3047,5182,1,4135,1,776,0.3,0,0
9/10/22,11-May,All,210448,115095,0.5,100392,0.5,18724,0.1,0,0
2/4/23,11-May,"Black, non-Latinx",66458,24566,0.4,19804,0.3,2494,0,1863,0
5/14/22,17-Dec,"White, non-Latinx",35643,26007,0.7,23942,0.7,10293,0.3,0,0
3/5/22,17-Dec,"Black, non-Latinx",57964,32123,0.6,27260,0.5,3851,0.1,0,0
7/23/22,11-May,"Asian, non-Latinx",10651,7866,0.7,7244,0.7,1273,0.1,0,0
12/24/22,11-May,All,210448,117914,0.6,102782,0.5,21162,0.1,14009,0.1
8/6/22,17-Dec,"Other, non-Latinx",3047,5262,1,4177,1,925,0.3,0,0
12/18/21,17-Dec,"White, non-Latinx",35643,24106,0.7,22161,0.6,744,0,0,0
3/12/22,11-May,"Black, non-Latinx",66458,21184,0.3,16467,0.2,46,0,0,0
2/19/22,17-Dec,"White, non-Latinx",35643,25754,0.7,23612,0.7,9029,0.3,0,0
4/30/22,11-May,"Asian, non-Latinx",10651,7539,0.7,6920,0.6,43,0,0,0
1/2/21,17-Dec,"White, non-Latinx",35643,4,0,0,0,0,0,0,0
12/18/21,11-May,"Asian, non-Latinx",10651,5326,0.5,3667,0.3,15,0,0,0
3/19/22,11-May,"Other, non-Latinx",6225,3506,0.6,2905,0.5,3,0,0,0
5/15/21,17-Dec,Unknown,,664,,164,,0,,0,
6/11/22,17-Dec,"Black, non-Latinx",57964,33092,0.6,28628,0.5,5141,0.1,0,0
5/28/22,17-Dec,Unknown,,3240,,2478,,598,,0,
5/6/23,11-May,"White, non-Latinx",43777,27827,0.6,25934,0.6,8398,0.2,8071,0.2
10/9/21,11-May,"Asian, non-Latinx",10651,0,0,0,0,0,0,0,0
4/3/21,11-May,"Other, non-Latinx",6225,0,0,0,0,0,0,0,0
7/23/22,11-May,"White, non-Latinx",43777,26885,0.6,24905,0.6,5519,0.1,0,0
3/4/23,17-Dec,"Other, non-Latinx",3047,5397,1,4220,1,969,0.3,447,0.1
4/17/21,11-May,"Asian, non-Latinx",10651,0,0,0,0,0,0,0,0
1/7/23,17-Dec,"Other, non-Latinx",3047,5378,1,4216,1,968,0.3,395,0.1
4/3/21,17-Dec,All,180859,2065,0,433,0,0,0,0,0
3/4/23,11-May,"Other, non-Latinx",6225,4061,0.7,3338,0.5,510,0.1,501,0.1
4/10/21,17-Dec,"White, non-Latinx",35643,1438,0,272,0,0,0,0,0
10/23/21,11-May,"White, non-Latinx",43777,0,0,0,0,0,0,0,0
10/16/21,17-Dec,Unknown,,2399,,1914,,1,,0,
4/24/21,11-May,Latinx,83432,0,0,0,0,0,0,0,0
5/27/23,17-Dec,All,180859,148362,0.8,131158,0.7,44583,0.2,25537,0.1
7/1/23,11-May,All,210448,120184,0.6,103925,0.5,21260,0.1,23000,0.1
7/29/23,17-Dec,All,180859,148763,0.8,131165,0.7,44592,0.2,27228,0.2
6/5/21,11-May,All,210448,0,0,0,0,0,0,0,0
9/24/22,17-Dec,"Asian, non-Latinx",8804,8008,0.9,7516,0.9,3609,0.4,215,0
8/28/21,17-Dec,Latinx,76627,49817,0.6,39996,0.5,49,0,0,0
11/12/22,17-Dec,All,180859,146608,0.8,130579,0.7,44511,0.2,12183,0.1
10/8/22,11-May,"White, non-Latinx",43777,27406,0.6,25583,0.6,8249,0.2,0,0
4/10/21,11-May,"Black, non-Latinx",66458,0,0,0,0,0,0,0,0
6/4/22,11-May,"White, non-Latinx",43777,26409,0.6,24407,0.6,2335,0.1,0,0
2/5/22,17-Dec,"White, non-Latinx",35643,25627,0.7,23323,0.7,8356,0.2,0,0
5/13/23,17-Dec,"Asian, non-Latinx",8804,8073,0.9,7534,0.9,3610,0.4,1700,0.2
1/2/21,65+,All,362629,3055,0,0,0,0,0,0,0
3/5/22,17-Dec,All,180859,141641,0.8,125628,0.7,29614,0.2,0,0
4/9/22,17-Dec,Unknown,,3197,,2460,,553,,0,
1/14/23,17-Dec,"Asian, non-Latinx",8804,8060,0.9,7524,0.9,3610,0.4,1493,0.2
7/30/22,17-Dec,"Other, non-Latinx",3047,5258,1,4174,1,911,0.3,0,0
4/24/21,11-May,"Other, non-Latinx",6225,0,0,0,0,0,0,0,0
8/20/22,17-Dec,All,180859,145388,0.8,129928,0.7,43599,0.2,0,0
1/28/23,11-May,All,210448,118515,0.6,103228,0.5,21196,0.1,16888,0.1
11/6/21,11-May,"White, non-Latinx",43777,3351,0.1,1,0,0,0,0,0
11/6/21,17-Dec,"Other, non-Latinx",3047,4221,1,3354,1,9,0,0,0
2/25/23,11-May,"Asian, non-Latinx",10651,8239,0.8,7644,0.7,2077,0.2,1661,0.2
8/14/21,11-May,"Asian, non-Latinx",10651,0,0,0,0,0,0,0,0
1/29/22,11-May,"Asian, non-Latinx",10651,7012,0.7,5835,0.5,31,0,0,0
6/3/23,11-May,"Black, non-Latinx",66458,24847,0.4,19968,0.3,2506,0,2608,0
10/16/21,11-May,All,210448,0,0,0,0,0,0,0,0
5/8/21,17-Dec,All,180859,15292,0.1,5197,0,0,0,0,0
5/28/22,11-May,Unknown,,3544,,2792,,72,,0,
6/25/22,11-May,"White, non-Latinx",43777,26620,0.6,24658,0.6,4078,0.1,0,0
1/23/21,11-May,"Asian, non-Latinx",10651,0,0,0,0,0,0,0,0
8/5/23,11-May,"Other, non-Latinx",6225,4135,0.7,3358,0.5,512,0.1,645,0.1
7/10/21,17-Dec,Latinx,76627,34637,0.5,27401,0.4,0,0,0,0
9/25/21,17-Dec,"Black, non-Latinx",57964,21237,0.4,17350,0.3,36,0,0,0
4/17/21,11-May,"Black, non-Latinx",66458,0,0,0,0,0,0,0,0
4/3/21,17-Dec,"White, non-Latinx",35643,899,0,165,0,0,0,0,0
2/13/21,11-May,"White, non-Latinx",43777,0,0,0,0,0,0,0,0
2/12/22,11-May,"Black, non-Latinx",66458,19717,0.3,13834,0.2,31,0,0,0
5/1/21,11-May,"Asian, non-Latinx",10651,0,0,0,0,0,0,0,0
5/29/21,17-Dec,"Black, non-Latinx",57964,7656,0.1,1974,0,0,0,0,0
9/16/23,11-May,"White, non-Latinx",43777,27901,0.6,25936,0.6,8400,0.2,8788,0.2
1/7/23,17-Dec,Unknown,,3423,,2536,,743,,382,
12/4/21,11-May,"Black, non-Latinx",66458,7970,0.1,2612,0,0,0,0,0
11/5/22,17-Dec,Unknown,,3385,,2527,,742,,228,
11/27/21,11-May,"White, non-Latinx",43777,18078,0.4,1602,0,5,0,0,0
11/20/21,11-May,All,210448,43651,0.2,13,0,0,0,0,0
10/23/21,11-May,"Other, non-Latinx",6225,0,0,0,0,0,0,0,0
12/25/21,17-Dec,All,180859,125802,0.7,110917,0.6,3456,0,0,0
4/24/21,17-Dec,Unknown,,189,,36,,0,,0,
1/29/22,17-Dec,"Asian, non-Latinx",8804,7729,0.9,7224,0.8,2094,0.2,0,0
4/16/22,11-May,"Black, non-Latinx",66458,21870,0.3,17532,0.3,52,0,0,0
7/24/21,17-Dec,"Asian, non-Latinx",8804,6088,0.7,5365,0.6,0,0,0,0
6/24/23,17-Dec,"Asian, non-Latinx",8804,8078,0.9,7534,0.9,3610,0.4,1750,0.2
2/11/23,17-Dec,"Other, non-Latinx",3047,5391,1,4219,1,969,0.3,434,0.1
5/7/22,17-Dec,"Black, non-Latinx",57964,32833,0.6,28352,0.5,4692,0.1,0,0
3/27/21,11-May,Unknown,,0,,0,,0,,0,
12/25/21,17-Dec,Latinx,76627,60274,0.8,53730,0.7,1044,0,0,0
7/2/22,17-Dec,"Black, non-Latinx",57964,33220,0.6,28779,0.5,5473,0.1,0,0
4/30/22,11-May,"White, non-Latinx",43777,26054,0.6,24081,0.6,104,0,0,0
3/13/21,17-Dec,Unknown,,14,,4,,0,,0,
7/9/22,17-Dec,"Other, non-Latinx",3047,5235,1,4167,1,871,0.3,0,0
8/20/22,11-May,Latinx,83432,48071,0.6,41917,0.5,5294,0.1,0,0
10/16/21,11-May,"Asian, non-Latinx",10651,0,0,0,0,0,0,0,0
12/31/22,17-Dec,"Black, non-Latinx",57964,34047,0.6,29430,0.5,6749,0.1,2757,0
3/12/22,17-Dec,"White, non-Latinx",35643,25858,0.7,23787,0.7,9507,0.3,0,0
5/28/22,11-May,"White, non-Latinx",43777,26335,0.6,24347,0.6,1491,0,0,0
1/2/21,65+,"Other, non-Latinx",3206,161,0,0,0,0,0,0,0
4/15/23,17-Dec,"White, non-Latinx",35643,26428,0.7,24171,0.7,11967,0.3,7372,0.2
10/30/21,11-May,"Other, non-Latinx",6225,0,0,0,0,0,0,0,0
2/25/23,11-May,Latinx,83432,50213,0.6,43708,0.5,7064,0.1,6086,0.1
8/19/23,11-May,"Black, non-Latinx",66458,24995,0.4,19968,0.3,2511,0,3148,0
3/20/21,17-Dec,Unknown,,21,,7,,0,,0,
8/12/23,17-Dec,"White, non-Latinx",35643,26452,0.7,24174,0.7,11968,0.3,7775,0.2
7/10/21,11-May,Unknown,,0,,0,,0,,0,
3/25/23,17-Dec,"Other, non-Latinx",3047,5400,1,4221,1,970,0.3,461,0.2
12/24/22,11-May,"Other, non-Latinx",6225,4005,0.6,3298,0.5,507,0.1,383,0.1
2/20/21,17-Dec,Unknown,,8,,1,,0,,0,
10/2/21,11-May,"Asian, non-Latinx",10651,0,0,0,0,0,0,0,0
1/28/23,11-May,Latinx,83432,49992,0.6,43555,0.5,7052,0.1,5324,0.1
6/4/22,17-Dec,Unknown,,3243,,2482,,608,,0,
10/22/22,17-Dec,Unknown,,3369,,2525,,742,,176,
6/3/23,11-May,"White, non-Latinx",43777,27841,0.6,25935,0.6,8398,0.2,8246,0.2
7/31/21,17-Dec,All,180859,86714,0.5,69934,0.4,0,0,0,0
6/26/21,17-Dec,"Other, non-Latinx",3047,2033,0.7,1492,0.5,0,0,0,0
1/1/22,11-May,"White, non-Latinx",43777,21931,0.5,18230,0.4,54,0,0,0
2/27/21,11-May,"Asian, non-Latinx",10651,0,0,0,0,0,0,0,0
2/27/21,17-Dec,"Asian, non-Latinx",8804,39,0,15,0,0,0,0,0
10/22/22,17-Dec,Latinx,76627,69446,0.9,62799,0.8,20477,0.3,2762,0
5/13/23,17-Dec,"Black, non-Latinx",57964,34272,0.6,29553,0.5,6763,0.1,3887,0.1
12/19/20,11-May,Unknown,,0,,0,,0,,0,
4/29/23,17-Dec,Latinx,76627,70507,0.9,63132,0.8,20521,0.3,10865,0.1
4/30/22,17-Dec,"Other, non-Latinx",3047,5178,1,4132,1,770,0.3,0,0
5/6/23,11-May,Latinx,83432,50646,0.6,43937,0.5,7083,0.1,7522,0.1
3/11/23,11-May,Unknown,,3977,,3063,,670,,578,
8/14/21,17-Dec,All,180859,95042,0.5,75878,0.4,5,0,0,0
4/2/22,17-Dec,"White, non-Latinx",35643,25926,0.7,23872,0.7,9852,0.3,0,0
8/28/21,11-May,"White, non-Latinx",43777,0,0,0,0,0,0,0,0
3/13/21,11-May,Latinx,83432,0,0,0,0,0,0,0,0
6/4/22,11-May,All,210448,109988,0.5,96050,0.5,4156,0,0,0
9/2/23,11-May,Unknown,,4033,,3065,,670,,777,
2/5/22,11-May,Latinx,83432,40664,0.5,29231,0.4,118,0,0,0
11/12/22,11-May,"Black, non-Latinx",66458,24190,0.4,19522,0.3,2473,0,608,0
3/6/21,17-Dec,"Asian, non-Latinx",8804,41,0,19,0,0,0,0,0
8/14/21,11-May,Latinx,83432,0,0,0,0,0,0,0,0
10/2/21,17-Dec,Latinx,76627,54554,0.7,47646,0.6,111,0,0,0
2/4/23,11-May,"Asian, non-Latinx",10651,8224,0.8,7633,0.7,2076,0.2,1596,0.2
12/3/22,11-May,Unknown,,3921,,3036,,669,,382,
3/27/21,17-Dec,"Asian, non-Latinx",8804,100,0,33,0,0,0,0,0
8/7/21,11-May,"Black, non-Latinx",66458,0,0,0,0,0,0,0,0
4/9/22,17-Dec,"Other, non-Latinx",3047,5160,1,4124,1,741,0.2,0,0
7/30/22,11-May,Unknown,,3698,,2881,,423,,0,
11/27/21,17-Dec,"Other, non-Latinx",3047,4384,1,3439,1,15,0,0,0
8/5/23,11-May,"Asian, non-Latinx",10651,8288,0.8,7660,0.7,2079,0.2,2070,0.2
6/24/23,17-Dec,"Black, non-Latinx",57964,34341,0.6,29555,0.5,6764,0.1,4110,0.1
9/10/22,17-Dec,"White, non-Latinx",35643,26181,0.7,24109,0.7,11945,0.3,267,0
5/8/21,11-May,All,210448,0,0,0,0,0,0,0,0
8/20/22,17-Dec,Unknown,,3316,,2512,,731,,0,
9/4/21,17-Dec,"White, non-Latinx",35643,22085,0.6,19605,0.6,22,0,0,0
5/22/21,17-Dec,"Other, non-Latinx",3047,1270,0.4,379,0.1,0,0,0,0
2/19/22,11-May,"Other, non-Latinx",6225,3399,0.5,2670,0.4,2,0,0,0
12/10/22,11-May,"White, non-Latinx",43777,27668,0.6,25798,0.6,8388,0.2,5797,0.1
2/5/22,11-May,"Other, non-Latinx",6225,3245,0.5,2383,0.4,2,0,0,0
4/1/23,11-May,"Asian, non-Latinx",10651,8245,0.8,7653,0.7,2077,0.2,1764,0.2
7/31/21,11-May,Unknown,,0,,0,,0,,0,
5/6/23,11-May,All,210448,119629,0.6,103919,0.5,21244,0.1,21105,0.1
6/17/23,11-May,Unknown,,4010,,3065,,670,,693,
5/8/21,11-May,"Other, non-Latinx",6225,0,0,0,0,0,0,0,0
1/16/21,11-May,Unknown,,0,,0,,0,,0,
12/11/21,17-Dec,"Black, non-Latinx",57964,25652,0.4,21629,0.4,136,0,0,0
2/27/21,17-Dec,"White, non-Latinx",35643,94,0,38,0,0,0,0,0
4/22/23,17-Dec,"Asian, non-Latinx",8804,8072,0.9,7534,0.9,3610,0.4,1682,0.2
2/20/21,17-Dec,"White, non-Latinx",35643,76,0,17,0,0,0,0,0
5/14/22,17-Dec,Unknown,,3231,,2473,,582,,0,
12/31/22,11-May,"Asian, non-Latinx",10651,8190,0.8,7602,0.7,2075,0.2,1389,0.1
2/20/21,11-May,"Asian, non-Latinx",10651,0,0,0,0,0,0,0,0
3/25/23,11-May,"White, non-Latinx",43777,27805,0.6,25923,0.6,8396,0.2,7773,0.2
10/30/21,17-Dec,Unknown,,2448,,1955,,1,,0,
2/19/22,11-May,Latinx,83432,43080,0.5,34409,0.4,140,0,0,0
6/4/22,17-Dec,Latinx,76627,68432,0.9,62065,0.8,16063,0.2,0,0
6/18/22,11-May,"Other, non-Latinx",6225,3676,0.6,3079,0.5,174,0,0,0
3/25/23,17-Dec,Unknown,,3441,,2540,,745,,436,
2/20/21,17-Dec,"Other, non-Latinx",3047,7,0,2,0,0,0,0,0
10/15/22,17-Dec,"White, non-Latinx",35643,26260,0.7,24125,0.7,11956,0.3,2434,0.1
10/8/22,17-Dec,All,180859,146081,0.8,130391,0.7,44472,0.2,4890,0
5/21/22,11-May,"Asian, non-Latinx",10651,7615,0.7,6989,0.7,106,0,0,0
11/13/21,17-Dec,"Black, non-Latinx",57964,24210,0.4,20221,0.3,69,0,0,0
12/19/20,11-May,Latinx,83432,0,0,0,0,0,0,0,0
7/29/23,11-May,All,210448,120474,0.6,103931,0.5,21261,0.1,23952,0.1
6/17/23,11-May,"Black, non-Latinx",66458,24867,0.4,19968,0.3,2507,0,2691,0
1/21/23,17-Dec,Latinx,76627,70006,0.9,62980,0.8,20511,0.3,8348,0.1
11/26/22,17-Dec,Unknown,,3400,,2535,,742,,301,
7/2/22,11-May,"Asian, non-Latinx",10651,7772,0.7,7170,0.7,955,0.1,0,0
10/16/21,11-May,Unknown,,0,,0,,0,,0,
3/4/23,11-May,Unknown,,3974,,3061,,669,,574,
10/2/21,11-May,"Other, non-Latinx",6225,0,0,0,0,0,0,0,0
4/29/23,17-Dec,All,180859,148120,0.8,131155,0.7,44576,0.2,24709,0.1
12/31/22,17-Dec,Unknown,,3419,,2536,,743,,369,
6/26/21,17-Dec,"Asian, non-Latinx",8804,5380,0.6,4221,0.5,0,0,0,0
12/3/22,11-May,Latinx,83432,49518,0.6,43181,0.5,7022,0.1,3038,0
5/6/23,17-Dec,All,180859,148169,0.8,131157,0.7,44578,0.2,24911,0.1
5/14/22,11-May,All,210448,108998,0.5,95081,0.5,418,0,0,0
2/12/22,17-Dec,Latinx,76627,66682,0.9,58749,0.8,10537,0.1,0,0
3/26/22,11-May,"Other, non-Latinx",6225,3524,0.6,2934,0.5,3,0,0,0
10/8/22,11-May,Latinx,83432,48816,0.6,42671,0.5,6822,0.1,0,0
8/27/22,17-Dec,"Other, non-Latinx",3047,5287,1,4192,1,961,0.3,0,0
4/10/21,11-May,Latinx,83432,0,0,0,0,0,0,0,0
2/6/21,11-May,"Asian, non-Latinx",10651,0,0,0,0,0,0,0,0
7/15/23,11-May,"Asian, non-Latinx",10651,8283,0.8,7660,0.7,2079,0.2,2028,0.2
2/11/23,17-Dec,Unknown,,3435,,2540,,745,,404,
8/27/22,11-May,Latinx,83432,48222,0.6,42055,0.5,5574,0.1,0,0
9/18/21,11-May,"Asian, non-Latinx",10651,0,0,0,0,0,0,0,0
4/3/21,11-May,"Black, non-Latinx",66458,0,0,0,0,0,0,0,0
11/5/22,17-Dec,"Black, non-Latinx",57964,33906,0.6,29335,0.5,6743,0.1,1467,0
6/5/21,17-Dec,"Other, non-Latinx",3047,1647,0.5,690,0.2,0,0,0,0
7/2/22,11-May,"Other, non-Latinx",6225,3705,0.6,3096,0.5,229,0,0,0
12/24/22,17-Dec,Latinx,76627,69847,0.9,62928,0.8,20503,0.3,7076,0.1
5/29/21,11-May,All,210448,0,0,0,0,0,0,0,0
5/21/22,17-Dec,"White, non-Latinx",35643,26023,0.7,23954,0.7,10426,0.3,0,0
9/17/22,17-Dec,"White, non-Latinx",35643,26187,0.7,24113,0.7,11951,0.3,696,0
12/3/22,11-May,"Asian, non-Latinx",10651,8155,0.8,7582,0.7,2073,0.2,1053,0.1
4/8/23,17-Dec,"Asian, non-Latinx",8804,8071,0.9,7533,0.9,3610,0.4,1664,0.2
11/12/22,17-Dec,"White, non-Latinx",35643,26322,0.7,24134,0.7,11961,0.3,4673,0.1
1/9/21,17-Dec,"Black, non-Latinx",57964,5,0,0,0,0,0,0,0
11/27/21,11-May,Unknown,,1753,,96,,0,,0,
4/3/21,17-Dec,"Other, non-Latinx",3047,52,0,12,0,0,0,0,0
6/5/21,11-May,"Other, non-Latinx",6225,0,0,0,0,0,0,0,0
1/16/21,17-Dec,Latinx,76627,5,0,0,0,0,0,0,0
7/23/22,17-Dec,"Asian, non-Latinx",8804,7973,0.9,7493,0.9,3411,0.4,0,0
2/12/22,11-May,"Asian, non-Latinx",10651,7173,0.7,6328,0.6,36,0,0,0
1/9/21,11-May,"Other, non-Latinx",6225,0,0,0,0,0,0,0,0
9/11/21,11-May,Latinx,83432,0,0,0,0,0,0,0,0
4/23/22,11-May,"White, non-Latinx",43777,25987,0.6,24021,0.5,104,0,0,0
9/25/21,11-May,Latinx,83432,0,0,0,0,0,0,0,0
10/8/22,11-May,"Asian, non-Latinx",10651,8069,0.8,7508,0.7,2036,0.2,0,0
10/8/22,17-Dec,"Black, non-Latinx",57964,33804,0.6,29276,0.5,6731,0.1,648,0
5/14/22,17-Dec,All,180859,143513,0.8,128343,0.7,34850,0.2,0,0
7/8/23,17-Dec,All,180859,148613,0.8,131163,0.7,44590,0.2,26581,0.1
2/25/23,17-Dec,Latinx,76627,70198,0.9,63040,0.8,20514,0.3,9403,0.1
5/21/22,17-Dec,All,180859,143685,0.8,128482,0.7,35358,0.2,0,0
6/18/22,17-Dec,"Asian, non-Latinx",8804,7937,0.9,7470,0.8,3213,0.4,0,0
3/19/22,11-May,"White, non-Latinx",43777,25687,0.6,23645,0.5,99,0,0,0
2/4/23,11-May,"White, non-Latinx",43777,27764,0.6,25887,0.6,8395,0.2,7287,0.2
2/27/21,11-May,"Black, non-Latinx",66458,0,0,0,0,0,0,0,0
2/6/21,17-Dec,"Asian, non-Latinx",8804,20,0,3,0,0,0,0,0
1/8/22,11-May,"White, non-Latinx",43777,22861,0.5,19073,0.4,64,0,0,0
7/22/23,17-Dec,"Black, non-Latinx",57964,34376,0.6,29555,0.5,6766,0.1,4265,0.1
5/27/23,11-May,"White, non-Latinx",43777,27837,0.6,25935,0.6,8398,0.2,8204,0.2
2/25/23,17-Dec,Unknown,,3437,,2540,,745,,418,
11/20/21,17-Dec,Unknown,,2556,,2007,,2,,0,
8/5/23,17-Dec,"Black, non-Latinx",57964,34397,0.6,29555,0.5,6768,0.1,4361,0.1
7/15/23,17-Dec,Latinx,76627,70891,0.9,63135,0.8,20533,0.3,12129,0.2
1/14/23,11-May,"Black, non-Latinx",66458,24492,0.4,19740,0.3,2492,0,1669,0
10/22/22,11-May,"White, non-Latinx",43777,27462,0.6,25651,0.6,8348,0.2,839,0
8/6/22,11-May,"Asian, non-Latinx",10651,7928,0.7,7299,0.7,1486,0.1,0,0
6/24/23,11-May,"Other, non-Latinx",6225,4117,0.7,3357,0.5,512,0.1,605,0.1
7/30/22,17-Dec,"Asian, non-Latinx",8804,7980,0.9,7496,0.9,3445,0.4,0,0
7/17/21,11-May,All,210448,0,0,0,0,0,0,0,0
7/3/21,11-May,"Other, non-Latinx",6225,0,0,0,0,0,0,0,0
8/5/23,17-Dec,"Other, non-Latinx",3047,5428,1,4226,1,970,0.3,536,0.2
7/31/21,11-May,"Other, non-Latinx",6225,0,0,0,0,0,0,0,0
2/26/22,11-May,Unknown,,3342,,2602,,5,,0,
7/9/22,17-Dec,"Asian, non-Latinx",8804,7955,0.9,7485,0.8,3338,0.4,0,0
9/17/22,17-Dec,"Asian, non-Latinx",8804,8004,0.9,7515,0.9,3609,0.4,129,0
4/22/23,17-Dec,"Black, non-Latinx",57964,34244,0.6,29551,0.5,6763,0.1,3763,0.1
1/16/21,17-Dec,"Other, non-Latinx",3047,1,0,1,0,0,0,0,0
3/25/23,11-May,Unknown,,3983,,3064,,670,,590,
6/4/22,17-Dec,"Black, non-Latinx",57964,33052,0.6,28577,0.5,5057,0.1,0,0
2/25/23,17-Dec,"Black, non-Latinx",57964,34165,0.6,29498,0.5,6757,0.1,3400,0.1
10/15/22,11-May,Unknown,,3841,,2998,,661,,1,
3/5/22,17-Dec,"Asian, non-Latinx",8804,7837,0.9,7379,0.8,2643,0.3,0,0
1/8/22,11-May,"Asian, non-Latinx",10651,6299,0.6,4798,0.4,29,0,0,0
9/17/22,11-May,Unknown,,3799,,2967,,597,,0,
10/2/21,11-May,All,210448,0,0,0,0,0,0,0,0
12/4/21,11-May,Unknown,,1930,,845,,0,,0,
11/6/21,17-Dec,All,180859,117574,0.6,104215,0.6,312,0,0,0
4/8/23,17-Dec,Latinx,76627,70388,0.9,63113,0.8,20520,0.3,10471,0.1
4/3/21,11-May,"White, non-Latinx",43777,0,0,0,0,0,0,0,0
6/4/22,11-May,"Asian, non-Latinx",10651,7670,0.7,7041,0.7,486,0,0,0
5/28/22,11-May,"Black, non-Latinx",66458,22362,0.3,18098,0.3,213,0,0,0
4/9/22,11-May,"White, non-Latinx",43777,25863,0.6,23895,0.5,101,0,0,0
12/24/22,11-May,"Black, non-Latinx",66458,24397,0.4,19676,0.3,2488,0,1420,0
10/23/21,17-Dec,"White, non-Latinx",35643,23153,0.6,21208,0.6,49,0,0,0
2/4/23,17-Dec,Latinx,76627,70081,0.9,62998,0.8,20513,0.3,8811,0.1
6/10/23,11-May,All,210448,119960,0.6,103924,0.5,21252,0.1,22254,0.1
4/30/22,17-Dec,All,180859,143235,0.8,128096,0.7,34086,0.2,0,0
5/20/23,17-Dec,"Asian, non-Latinx",8804,8073,0.9,7534,0.9,3610,0.4,1711,0.2
12/25/21,17-Dec,"Other, non-Latinx",3047,4559,1,3604,1,75,0,0,0
11/26/22,0-4,"Black, non-Latinx",47946,2416,0,767,0,1,0,0,0
2/5/22,17-Dec,All,180859,138257,0.8,119723,0.7,23968,0.1,0,0
12/11/21,17-Dec,"Asian, non-Latinx",8804,7381,0.8,6927,0.8,56,0,0,0
4/22/23,11-May,"Asian, non-Latinx",10651,8251,0.8,7660,0.7,2077,0.2,1822,0.2
4/9/22,11-May,"Black, non-Latinx",66458,21802,0.3,17441,0.3,50,0,0,0
5/22/21,17-Dec,"White, non-Latinx",35643,14306,0.4,3798,0.1,0,0,0,0
2/5/22,17-Dec,"Other, non-Latinx",3047,5026,1,3915,1,571,0.2,0,0
6/5/21,17-Dec,"White, non-Latinx",35643,16708,0.5,8380,0.2,0,0,0,0
10/16/21,17-Dec,"Asian, non-Latinx",8804,7095,0.8,6629,0.8,9,0,0,0
7/1/23,11-May,Unknown,,4012,,3065,,670,,708,
8/5/23,17-Dec,All,180859,148832,0.8,131165,0.7,44594,0.2,27477,0.2
1/7/23,11-May,Unknown,,3951,,3049,,669,,496,
9/16/23,11-May,Unknown,,4034,,3065,,670,,781,
5/22/21,11-May,All,210448,0,0,0,0,0,0,0,0
10/29/22,17-Dec,"Asian, non-Latinx",8804,8028,0.9,7519,0.9,3610,0.4,693,0.1
1/2/21,11-May,"White, non-Latinx",43777,0,0,0,0,0,0,0,0
5/27/23,17-Dec,"Black, non-Latinx",57964,34296,0.6,29553,0.5,6763,0.1,3954,0.1
10/2/21,17-Dec,"White, non-Latinx",35643,22824,0.6,20732,0.6,36,0,0,0
1/9/21,65+,Unknown,,225,,25,,0,,0,
12/18/21,11-May,"Other, non-Latinx",6225,2026,0.3,1350,0.2,1,0,0,0
2/20/21,11-May,"Black, non-Latinx",66458,0,0,0,0,0,0,0,0
7/24/21,17-Dec,"Black, non-Latinx",57964,13746,0.2,10556,0.2,0,0,0,0
5/27/23,11-May,"Black, non-Latinx",66458,24838,0.4,19968,0.3,2506,0,2578,0
9/11/21,17-Dec,Unknown,,2258,,1743,,1,,0,
6/25/22,17-Dec,Unknown,,3254,,2487,,641,,0,
6/12/21,17-Dec,"Other, non-Latinx",3047,1802,0.6,1102,0.4,0,0,0,0
10/1/22,11-May,"Asian, non-Latinx",10651,8052,0.8,7495,0.7,2012,0.2,0,0
6/19/21,11-May,All,210448,0,0,0,0,0,0,0,0
3/18/23,17-Dec,"Black, non-Latinx",57964,34199,0.6,29518,0.5,6760,0.1,3565,0.1
10/1/22,11-May,Latinx,83432,48740,0.6,42579,0.5,6645,0.1,0,0
7/24/21,11-May,Unknown,,0,,0,,0,,0,
4/15/23,17-Dec,All,180859,148032,0.8,131141,0.7,44574,0.2,24293,0.1
3/26/22,11-May,"White, non-Latinx",43777,25752,0.6,23743,0.5,99,0,0,0
7/17/21,11-May,"Asian, non-Latinx",10651,0,0,0,0,0,0,0,0
9/2/23,11-May,Latinx,83432,51550,0.6,43945,0.5,7095,0.1,9686,0.1
4/15/23,11-May,"White, non-Latinx",43777,27814,0.6,25933,0.6,8397,0.2,7927,0.2
10/29/22,11-May,"Asian, non-Latinx",10651,8105,0.8,7539,0.7,2067,0.2,371,0
5/20/23,11-May,"Black, non-Latinx",66458,24827,0.4,19968,0.3,2505,0,2545,0
3/6/21,17-Dec,All,180859,378,0,134,0,0,0,0,0
7/31/21,11-May,"White, non-Latinx",43777,0,0,0,0,0,0,0,0
12/11/21,11-May,"Asian, non-Latinx",10651,4925,0.5,2993,0.3,7,0,0,0
1/2/21,11-May,All,210448,0,0,0,0,0,0,0,0
12/19/20,17-Dec,"White, non-Latinx",35643,1,0,0,0,0,0,0,0
8/20/22,11-May,"Other, non-Latinx",6225,3851,0.6,3186,0.5,404,0.1,0,0
7/10/21,17-Dec,Unknown,,1683,,1267,,0,,0,
4/3/21,17-Dec,Unknown,,45,,14,,0,,0,
12/19/20,17-Dec,"Other, non-Latinx",3047,0,0,0,0,0,0,0,0
1/23/21,17-Dec,Latinx,76627,11,0,1,0,0,0,0,0
8/19/23,11-May,Latinx,83432,51428,0.6,43945,0.5,7094,0.1,9444,0.1
10/23/21,11-May,"Asian, non-Latinx",10651,0,0,0,0,0,0,0,0
10/16/21,17-Dec,"Black, non-Latinx",57964,22569,0.4,18758,0.3,51,0,0,0
4/17/21,17-Dec,All,180859,5725,0,1049,0,0,0,0,0
4/17/21,11-May,"Other, non-Latinx",6225,0,0,0,0,0,0,0,0
12/17/22,11-May,"Asian, non-Latinx",10651,8169,0.8,7591,0.7,2073,0.2,1234,0.1
6/12/21,11-May,Unknown,,0,,0,,0,,0,
1/14/23,11-May,Unknown,,3960,,3049,,669,,507,
6/4/22,17-Dec,"Other, non-Latinx",3047,5215,1,4152,1,805,0.3,0,0
9/3/22,17-Dec,All,180859,145580,0.8,130096,0.7,44338,0.2,5,0
3/13/21,11-May,"Asian, non-Latinx",10651,0,0,0,0,0,0,0,0
10/15/22,17-Dec,Unknown,,3361,,2525,,742,,149,
12/17/22,17-Dec,Unknown,,3412,,2535,,743,,346,
5/7/22,17-Dec,Unknown,,3230,,2470,,571,,0,
12/19/20,18-29,"Asian, non-Latinx",41068,449,0,0,0,0,0,0,0
3/13/21,17-Dec,"White, non-Latinx",35643,195,0,66,0,0,0,0,0
6/4/22,11-May,"Black, non-Latinx",66458,22415,0.3,18161,0.3,311,0,0,0
10/29/22,17-Dec,"White, non-Latinx",35643,26298,0.7,24127,0.7,11961,0.3,3573,0.1
4/3/21,11-May,Unknown,,0,,0,,0,,0,
7/23/22,17-Dec,All,180859,144781,0.8,129500,0.7,40287,0.2,0,0
3/20/21,17-Dec,Latinx,76627,222,0,62,0,0,0,0,0
5/1/21,11-May,Unknown,,0,,0,,0,,0,
3/6/21,17-Dec,"Black, non-Latinx",57964,72,0,27,0,0,0,0,0
12/25/21,17-Dec,"White, non-Latinx",35643,24334,0.7,22289,0.6,1475,0,0,0
8/27/22,17-Dec,"White, non-Latinx",35643,26167,0.7,24102,0.7,11904,0.3,0,0
10/1/22,0-4,"Black, non-Latinx",47946,1824,0,402,0,0,0,0,0
10/30/21,17-Dec,"Other, non-Latinx",3047,4182,1,3306,1,9,0,0,0
6/24/23,17-Dec,Unknown,,3460,,2541,,745,,483,
9/24/22,17-Dec,Latinx,76627,69274,0.9,62689,0.8,20455,0.3,867,0
5/13/23,11-May,"Black, non-Latinx",66458,24816,0.4,19968,0.3,2505,0,2506,0
4/15/23,17-Dec,"Asian, non-Latinx",8804,8072,0.9,7533,0.9,3610,0.4,1675,0.2
10/30/21,17-Dec,All,180859,116674,0.6,103227,0.6,280,0,0,0
1/7/23,17-Dec,"Black, non-Latinx",57964,34060,0.6,29435,0.5,6752,0.1,2894,0
12/10/22,17-Dec,"Black, non-Latinx",57964,34012,0.6,29404,0.5,6748,0.1,2384,0
11/5/22,11-May,All,210448,116773,0.6,101933,0.5,21069,0.1,5245,0
5/13/23,17-Dec,"White, non-Latinx",35643,26433,0.7,24171,0.7,11968,0.3,7469,0.2
9/4/21,11-May,"Asian, non-Latinx",10651,0,0,0,0,0,0,0,0
10/15/22,17-Dec,"Other, non-Latinx",3047,5311,1,4198,1,966,0.3,132,0
6/5/21,17-Dec,"Black, non-Latinx",57964,8666,0.2,3382,0.1,0,0,0,0
12/19/20,30-49,Latinx,226340,512,0,0,0,0,0,0,0
5/21/22,17-Dec,"Asian, non-Latinx",8804,7912,0.9,7458,0.8,3039,0.3,0,0
1/29/22,17-Dec,"Black, non-Latinx",57964,30270,0.5,24544,0.4,2724,0,0,0
9/24/22,17-Dec,"White, non-Latinx",35643,26207,0.7,24116,0.7,11953,0.3,1177,0
11/27/21,11-May,All,210448,49284,0.2,2852,0,6,0,0,0
2/6/21,11-May,"Other, non-Latinx",6225,0,0,0,0,0,0,0,0
9/11/21,17-Dec,"Asian, non-Latinx",8804,6893,0.8,6326,0.7,6,0,0,0
5/6/23,11-May,"Other, non-Latinx",6225,4094,0.7,3356,0.5,511,0.1,554,0.1
1/8/22,11-May,"Other, non-Latinx",6225,2559,0.4,1753,0.3,1,0,0,0
9/18/21,11-May,All,210448,0,0,0,0,0,0,0,0
1/30/21,11-May,"Black, non-Latinx",66458,0,0,0,0,0,0,0,0
3/27/21,17-Dec,"Other, non-Latinx",3047,28,0,9,0,0,0,0,0
1/21/23,11-May,Unknown,,3961,,3054,,669,,518,
6/24/23,11-May,"Asian, non-Latinx",10651,8275,0.8,7660,0.7,2078,0.2,1980,0.2
11/6/21,11-May,"Black, non-Latinx",66458,300,0,0,0,0,0,0,0
4/9/22,11-May,"Asian, non-Latinx",10651,7452,0.7,6859,0.6,41,0,0,0
10/29/22,11-May,"Black, non-Latinx",66458,24075,0.4,19436,0.3,2464,0,271,0
7/29/23,11-May,"Other, non-Latinx",6225,4129,0.7,3358,0.5,512,0.1,633,0.1
7/30/22,17-Dec,Unknown,,3287,,2500,,690,,0,
2/5/22,17-Dec,Latinx,76627,66013,0.9,57665,0.8,9371,0.1,0,0
5/7/22,17-Dec,"White, non-Latinx",35643,25992,0.7,23933,0.7,10213,0.3,0,0
9/16/23,17-Dec,All,180859,149158,0.8,131167,0.7,44598,0.2,28491,0.2
8/5/23,11-May,Latinx,83432,51292,0.6,43945,0.5,7094,0.1,9134,0.1
6/3/23,17-Dec,"Other, non-Latinx",3047,5417,1,4225,1,970,0.3,496,0.2
2/20/21,11-May,"White, non-Latinx",43777,0,0,0,0,0,0,0,0
3/13/21,17-Dec,"Other, non-Latinx",3047,14,0,5,0,0,0,0,0
1/16/21,11-May,Latinx,83432,0,0,0,0,0,0,0,0
3/25/23,11-May,"Black, non-Latinx",66458,24723,0.4,19919,0.3,2497,0,2221,0
3/20/21,11-May,"Other, non-Latinx",6225,0,0,0,0,0,0,0,0
12/10/22,17-Dec,"White, non-Latinx",35643,26368,0.7,24142,0.7,11965,0.3,5981,0.2
12/19/20,50-64,Unknown,,117,,0,,0,,0,
6/18/22,17-Dec,"Black, non-Latinx",57964,33138,0.6,28678,0.5,5245,0.1,0,0
9/4/21,11-May,Latinx,83432,0,0,0,0,0,0,0,0
3/20/21,11-May,"White, non-Latinx",43777,0,0,0,0,0,0,0,0
11/26/22,11-May,"White, non-Latinx",43777,27622,0.6,25755,0.6,8384,0.2,4975,0.1
12/19/20,11-May,"Other, non-Latinx",6225,0,0,0,0,0,0,0,0
1/30/21,11-May,All,210448,0,0,0,0,0,0,0,0
10/9/21,30-49,Latinx,226340,173467,0.8,160838,0.7,2773,0,0,0
11/12/22,11-May,"White, non-Latinx",43777,27568,0.6,25725,0.6,8375,0.2,3692,0.1
1/15/22,17-Dec,Latinx,76627,63226,0.8,55153,0.7,4413,0.1,0,0
8/5/23,17-Dec,Unknown,,3465,,2541,,745,,512,
7/2/22,17-Dec,All,180859,144364,0.8,129187,0.7,38517,0.2,0,0
7/16/22,17-Dec,"Other, non-Latinx",3047,5241,1,4171,1,881,0.3,0,0
2/20/21,11-May,All,210448,0,0,0,0,0,0,0,0
1/30/21,11-May,Unknown,,0,,0,,0,,0,
4/23/22,11-May,"Asian, non-Latinx",10651,7507,0.7,6898,0.6,43,0,0,0
8/28/21,17-Dec,Unknown,,2190,,1655,,0,,0,
7/1/23,17-Dec,"Black, non-Latinx",57964,34344,0.6,29555,0.5,6764,0.1,4148,0.1
6/17/23,11-May,All,210448,120020,0.6,103924,0.5,21254,0.1,22482,0.1
5/20/23,18-29,Unknown,,21489,,15097,,3620,,2658,
7/23/22,17-Dec,"White, non-Latinx",35643,26124,0.7,24061,0.7,11457,0.3,0,0
7/1/23,11-May,"Black, non-Latinx",66458,24880,0.4,19968,0.3,2508,0,2782,0
1/29/22,17-Dec,Latinx,76627,65353,0.9,56686,0.7,8202,0.1,0,0
8/14/21,11-May,All,210448,0,0,0,0,0,0,0,0
2/20/21,11-May,Latinx,83432,0,0,0,0,0,0,0,0
8/27/22,11-May,"Other, non-Latinx",6225,3862,0.6,3198,0.5,421,0.1,0,0
8/20/22,11-May,"White, non-Latinx",43777,27183,0.6,25195,0.6,7094,0.2,0,0
5/28/22,11-May,Latinx,83432,46180,0.6,40487,0.5,505,0,0,0
1/28/23,17-Dec,"Other, non-Latinx",3047,5387,1,4219,1,969,0.3,420,0.1
9/25/21,17-Dec,"Other, non-Latinx",3047,3859,1,2993,1,7,0,0,0
5/27/23,11-May,Latinx,83432,50787,0.6,43939,0.5,7084,0.1,7891,0.1
12/25/21,11-May,"Asian, non-Latinx",10651,5657,0.5,3946,0.4,18,0,0,0
4/23/22,11-May,"Black, non-Latinx",66458,21950,0.3,17645,0.3,55,0,0,0
12/10/22,17-Dec,"Asian, non-Latinx",8804,8048,0.9,7522,0.9,3610,0.4,1213,0.1
9/17/22,17-Dec,Unknown,,3336,,2522,,742,,32,
2/25/23,11-May,"Other, non-Latinx",6225,4059,0.7,3338,0.5,510,0.1,492,0.1
12/31/22,11-May,All,210448,118010,0.6,102857,0.5,21168,0.1,14653,0.1
4/16/22,17-Dec,All,180859,142978,0.8,127806,0.7,33365,0.2,0,0
9/3/22,11-May,Latinx,83432,48345,0.6,42177,0.5,5832,0.1,0,0
4/23/22,11-May,Unknown,,3468,,2759,,5,,0,
1/29/22,11-May,Latinx,83432,39062,0.5,26367,0.3,106,0,0,0
12/19/20,11-May,"White, non-Latinx",43777,0,0,0,0,0,0,0,0
10/29/22,17-Dec,Unknown,,3377,,2527,,742,,201,
6/5/21,11-May,"Asian, non-Latinx",10651,0,0,0,0,0,0,0,0
3/18/23,17-Dec,All,180859,147838,0.8,131054,0.7,44568,0.2,23299,0.1
3/12/22,17-Dec,"Other, non-Latinx",3047,5137,1,4096,1,692,0.2,0,0
9/3/22,11-May,"White, non-Latinx",43777,27281,0.6,25321,0.6,7555,0.2,0,0
2/4/23,11-May,Latinx,83432,50056,0.6,43601,0.5,7054,0.1,5551,0.1
4/22/23,17-Dec,Latinx,76627,70476,0.9,63132,0.8,20520,0.3,10717,0.1
4/9/22,11-May,"Other, non-Latinx",6225,3554,0.6,2959,0.5,3,0,0,0
5/1/21,17-Dec,All,180859,13178,0.1,3014,0,0,0,0,0
5/6/23,11-May,Unknown,,3998,,3065,,670,,645,
11/20/21,11-May,"Other, non-Latinx",6225,1354,0.2,0,0,0,0,0,0
4/10/21,11-May,"Other, non-Latinx",6225,0,0,0,0,0,0,0,0
7/29/23,11-May,"Asian, non-Latinx",10651,8287,0.8,7660,0.7,2079,0.2,2059,0.2
9/3/22,17-Dec,"Asian, non-Latinx",8804,7997,0.9,7511,0.9,3609,0.4,1,0
1/21/23,17-Dec,"White, non-Latinx",35643,26400,0.7,24153,0.7,11966,0.3,6911,0.2
10/30/21,11-May,"White, non-Latinx",43777,0,0,0,0,0,0,0,0
5/13/23,11-May,"White, non-Latinx",43777,27829,0.6,25934,0.6,8398,0.2,8132,0.2
1/23/21,17-Dec,Unknown,,3,,0,,0,,0,
9/11/21,17-Dec,"Black, non-Latinx",57964,20067,0.3,15944,0.3,22,0,0,0
2/12/22,11-May,"Other, non-Latinx",6225,3339,0.5,2539,0.4,2,0,0,0
7/8/23,17-Dec,Unknown,,3460,,2541,,745,,490,
2/25/23,11-May,"White, non-Latinx",43777,27789,0.6,25909,0.6,8396,0.2,7517,0.2
5/8/21,17-Dec,"Black, non-Latinx",57964,2184,0,628,0,0,0,0,0
5/15/21,11-May,"White, non-Latinx",43777,0,0,0,0,0,0,0,0
12/18/21,17-Dec,"Black, non-Latinx",57964,26069,0.4,21958,0.4,263,0,0,0
3/18/23,11-May,Unknown,,3978,,3064,,670,,584,
5/1/21,65+,"White, non-Latinx",135462,87911,0.6,80990,0.6,0,0,0,0
1/22/22,11-May,"Other, non-Latinx",6225,2972,0.5,2024,0.3,1,0,0,0
1/2/21,11-May,Unknown,,0,,0,,0,,0,
5/7/22,11-May,"Black, non-Latinx",66458,22101,0.3,17836,0.3,58,0,0,0
1/15/22,17-Dec,"White, non-Latinx",35643,25134,0.7,22736,0.6,5568,0.2,0,0
4/17/21,11-May,"White, non-Latinx",43777,0,0,0,0,0,0,0,0
5/29/21,17-Dec,"Other, non-Latinx",3047,1480,0.5,440,0.1,0,0,0,0
1/23/21,17-Dec,"White, non-Latinx",35643,13,0,2,0,0,0,0,0
6/19/21,17-Dec,Unknown,,1503,,1035,,0,,0,
6/4/22,17-Dec,"White, non-Latinx",35643,26048,0.7,23982,0.7,10671,0.3,0,0
2/6/21,17-Dec,"Black, non-Latinx",57964,23,0,6,0,0,0,0,0
3/11/23,17-Dec,"Other, non-Latinx",3047,5398,1,4221,1,969,0.3,450,0.1
3/11/23,17-Dec,"White, non-Latinx",35643,26420,0.7,24164,0.7,11967,0.3,7205,0.2
5/28/22,17-Dec,Latinx,76627,68399,0.9,62025,0.8,15888,0.2,0,0
9/17/22,11-May,"Other, non-Latinx",6225,3878,0.6,3230,0.5,459,0.1,0,0
6/3/23,17-Dec,All,180859,148405,0.8,131159,0.7,44586,0.2,25678,0.1
7/22/23,11-May,Unknown,,4021,,3065,,670,,735,
10/30/21,17-Dec,"Black, non-Latinx",57964,23138,0.4,19558,0.3,58,0,0,0
7/2/22,17-Dec,Unknown,,3259,,2491,,653,,0,
1/30/21,17-Dec,"Black, non-Latinx",57964,16,0,2,0,0,0,0,0
8/21/21,17-Dec,All,180859,99113,0.5,79851,0.4,52,0,0,0
8/28/21,17-Dec,"Other, non-Latinx",3047,3454,1,2508,0.8,4,0,0,0
4/2/22,11-May,Unknown,,3428,,2725,,5,,0,
7/17/21,11-May,Unknown,,0,,0,,0,,0,
8/6/22,17-Dec,Unknown,,3296,,2503,,704,,0,
8/27/22,11-May,"White, non-Latinx",43777,27232,0.6,25263,0.6,7369,0.2,0,0
11/12/22,11-May,"Asian, non-Latinx",10651,8128,0.8,7560,0.7,2073,0.2,706,0.1
5/6/23,17-Dec,Unknown,,3451,,2541,,745,,457,
2/13/21,11-May,"Black, non-Latinx",66458,0,0,0,0,0,0,0,0
10/16/21,11-May,"Other, non-Latinx",6225,0,0,0,0,0,0,0,0
9/25/21,11-May,"White, non-Latinx",43777,0,0,0,0,0,0,0,0
6/10/23,11-May,"White, non-Latinx",43777,27847,0.6,25935,0.6,8398,0.2,8304,0.2
8/5/23,17-Dec,"Asian, non-Latinx",8804,8079,0.9,7534,0.9,3610,0.4,1785,0.2
7/9/22,11-May,Latinx,83432,46830,0.6,41094,0.5,2416,0,0,0
4/29/23,11-May,"Asian, non-Latinx",10651,8254,0.8,7660,0.7,2077,0.2,1838,0.2
9/3/22,11-May,Unknown,,3787,,2945,,562,,0,
4/29/23,17-Dec,Unknown,,3448,,2541,,745,,452,
8/20/22,11-May,Unknown,,3756,,2925,,514,,0,
7/2/22,17-Dec,"Asian, non-Latinx",8804,7949,0.9,7480,0.8,3304,0.4,0,0
4/30/22,17-Dec,"White, non-Latinx",35643,25972,0.7,23926,0.7,10138,0.3,0,0
11/27/21,11-May,"Black, non-Latinx",66458,7077,0.1,160,0,0,0,0,0
6/19/21,17-Dec,"Asian, non-Latinx",8804,5076,0.6,3823,0.4,0,0,0,0
1/22/22,17-Dec,"Other, non-Latinx",3047,4914,1,3774,1,434,0.1,0,0
3/26/22,17-Dec,"Asian, non-Latinx",8804,7862,0.9,7407,0.8,2802,0.3,0,0
4/8/23,17-Dec,"Black, non-Latinx",57964,34228,0.6,29533,0.5,6762,0.1,3700,0.1
9/9/23,17-Dec,"Black, non-Latinx",57964,34446,0.6,29555,0.5,6771,0.1,4582,0.1
6/12/21,11-May,"Black, non-Latinx",66458,0,0,0,0,0,0,0,0
12/3/22,17-Dec,"Black, non-Latinx",57964,33990,0.6,29387,0.5,6745,0.1,2227,0
3/5/22,11-May,"White, non-Latinx",43777,25551,0.6,23389,0.5,96,0,0,0
10/8/22,11-May,"Black, non-Latinx",66458,23911,0.4,19308,0.3,2408,0,0,0
7/17/21,17-Dec,"Other, non-Latinx",3047,2392,0.8,1807,0.6,0,0,0,0
9/11/21,11-May,"White, non-Latinx",43777,0,0,0,0,0,0,0,0
5/21/22,11-May,Unknown,,3526,,2782,,14,,0,
5/21/22,17-Dec,"Other, non-Latinx",3047,5206,1,4144,1,788,0.3,0,0
10/23/21,17-Dec,"Black, non-Latinx",57964,22891,0.4,19170,0.3,55,0,0,0
4/23/22,11-May,"Other, non-Latinx",6225,3581,0.6,2986,0.5,3,0,0,0
12/31/22,11-May,Latinx,83432,49750,0.6,43369,0.5,7035,0.1,4286,0.1
7/15/23,17-Dec,"Asian, non-Latinx",8804,8079,0.9,7534,0.9,3610,0.4,1769,0.2
9/2/23,17-Dec,"Black, non-Latinx",57964,34437,0.6,29555,0.5,6771,0.1,4554,0.1
2/5/22,11-May,All,210448,98075,0.5,74665,0.4,269,0,0,0
4/16/22,11-May,Unknown,,3454,,2748,,5,,0,
2/12/22,17-Dec,"Asian, non-Latinx",8804,7780,0.9,7299,0.8,2390,0.3,0,0
9/10/22,17-Dec,All,180859,145646,0.8,130158,0.7,44379,0.2,528,0
3/19/22,17-Dec,Latinx,76627,67793,0.9,61258,0.8,13412,0.2,0,0
11/20/21,17-Dec,Latinx,76627,58236,0.8,51591,0.7,211,0,0,0
7/15/23,0-4,"Black, non-Latinx",47946,3498,0.1,1061,0,4,0,888,0
4/17/21,11-May,All,210448,0,0,0,0,0,0,0,0
2/13/21,17-Dec,"White, non-Latinx",35643,59,0,7,0,0,0,0,0
9/18/21,17-Dec,"Other, non-Latinx",3047,3778,1,2899,1,7,0,0,0
8/27/22,11-May,All,210448,114632,0.5,99813,0.5,17691,0.1,0,0
12/3/22,17-Dec,Unknown,,3402,,2535,,743,,316,
6/26/21,17-Dec,"Black, non-Latinx",57964,11011,0.2,7886,0.1,0,0,0,0
5/20/23,11-May,"Asian, non-Latinx",10651,8265,0.8,7660,0.7,2077,0.2,1893,0.2
8/28/21,11-May,"Asian, non-Latinx",10651,0,0,0,0,0,0,0,0
4/22/23,0-4,"Black, non-Latinx",47946,3305,0.1,1059,0,4,0,423,0
2/4/23,11-May,All,210448,118622,0.6,103312,0.5,21198,0.1,17311,0.1
10/2/21,11-May,"White, non-Latinx",43777,0,0,0,0,0,0,0,0
2/27/21,11-May,Unknown,,0,,0,,0,,0,
12/25/21,11-May,"Black, non-Latinx",66458,10934,0.2,6302,0.1,9,0,0,0
1/14/23,11-May,Latinx,83432,49880,0.6,43468,0.5,7041,0.1,4870,0.1
10/9/21,17-Dec,"Asian, non-Latinx",8804,7047,0.8,6585,0.7,8,0,0,0
9/24/22,11-May,Unknown,,3809,,2974,,622,,0,
5/22/21,11-May,Latinx,83432,0,0,0,0,0,0,0,0
1/16/21,11-May,"Other, non-Latinx",6225,0,0,0,0,0,0,0,0
9/3/22,17-Dec,"Other, non-Latinx",3047,5289,1,4193,1,966,0.3,0,0
5/21/22,11-May,"White, non-Latinx",43777,26260,0.6,24253,0.6,413,0,0,0
8/20/22,17-Dec,"Asian, non-Latinx",8804,7990,0.9,7508,0.9,3582,0.4,0,0
5/22/21,11-May,Unknown,,0,,0,,0,,0,
11/26/22,17-Dec,"Asian, non-Latinx",8804,8047,0.9,7522,0.9,3610,0.4,1095,0.1
8/19/23,17-Dec,"Asian, non-Latinx",8804,8080,0.9,7534,0.9,3610,0.4,1812,0.2
6/12/21,17-Dec,Unknown,,1385,,877,,0,,0,
1/29/22,11-May,"Black, non-Latinx",66458,18130,0.3,11244,0.2,27,0,0,0
1/21/23,17-Dec,"Asian, non-Latinx",8804,8062,0.9,7527,0.9,3610,0.4,1522,0.2
8/26/23,11-May,All,210448,120866,0.6,103933,0.5,21266,0.1,25058,0.1
6/18/22,11-May,"White, non-Latinx",43777,26553,0.6,24575,0.6,3591,0.1,0,0
9/24/22,11-May,"White, non-Latinx",43777,27357,0.6,25519,0.6,8013,0.2,0,0
6/4/22,17-Dec,"Asian, non-Latinx",8804,7923,0.9,7461,0.8,3121,0.4,0,0
4/22/23,17-Dec,"White, non-Latinx",35643,26429,0.7,24171,0.7,11967,0.3,7404,0.2
12/26/20,17-Dec,Unknown,,0,,0,,0,,0,
9/16/23,11-May,"Black, non-Latinx",66458,25027,0.4,19969,0.3,2511,0,3246,0
2/18/23,17-Dec,"Black, non-Latinx",57964,34152,0.6,29489,0.5,6754,0.1,3335,0.1
9/17/22,17-Dec,"Black, non-Latinx",57964,33721,0.6,29212,0.5,6709,0.1,171,0
11/12/22,11-May,Unknown,,3892,,3020,,667,,250,
3/19/22,11-May,All,210448,106184,0.5,91340,0.4,372,0,0,0
3/19/22,17-Dec,Unknown,,3172,,2443,,535,,0,
11/26/22,17-Dec,"Other, non-Latinx",3047,5354,1,4206,1,967,0.3,299,0.1
4/17/21,17-Dec,"White, non-Latinx",35643,2287,0.1,434,0,0,0,0,0
1/9/21,11-May,Unknown,,0,,0,,0,,0,
9/4/21,11-May,"Black, non-Latinx",66458,0,0,0,0,0,0,0,0
2/11/23,17-Dec,Latinx,76627,70109,0.9,63009,0.8,20513,0.3,9007,0.1
1/9/21,17-Dec,Unknown,,2,,0,,0,,0,
6/12/21,17-Dec,"Black, non-Latinx",57964,9594,0.2,5681,0.1,0,0,0,0
9/10/22,17-Dec,Unknown,,3331,,2521,,742,,11,
12/25/21,17-Dec,"Asian, non-Latinx",8804,7483,0.8,7003,0.8,316,0,0,0
12/3/22,17-Dec,"White, non-Latinx",35643,26364,0.7,24141,0.7,11963,0.3,5722,0.2
7/9/22,17-Dec,Latinx,76627,68645,0.9,62278,0.8,17302,0.2,0,0
5/27/23,11-May,"Other, non-Latinx",6225,4105,0.7,3357,0.5,511,0.1,579,0.1
10/2/21,11-May,"Black, non-Latinx",66458,0,0,0,0,0,0,0,0
8/28/21,11-May,Unknown,,0,,0,,0,,0,
5/21/22,17-Dec,Latinx,76627,68358,0.9,61991,0.8,15654,0.2,0,0
10/23/21,17-Dec,"Asian, non-Latinx",8804,7130,0.8,6660,0.8,9,0,0,0
2/12/22,17-Dec,Unknown,,3087,,2338,,462,,0,
11/5/22,11-May,"White, non-Latinx",43777,27534,0.6,25699,0.6,8366,0.2,2749,0.1
3/26/22,11-May,"Black, non-Latinx",66458,21553,0.3,17079,0.3,48,0,0,0
9/2/23,17-Dec,"White, non-Latinx",35643,26454,0.7,24175,0.7,11968,0.3,7826,0.2
6/11/22,11-May,"Black, non-Latinx",66458,22490,0.3,18233,0.3,429,0,0,0
10/1/22,17-Dec,"Other, non-Latinx",3047,5304,1,4195,1,966,0.3,79,0
9/24/22,17-Dec,All,180859,145875,0.8,130273,0.7,44443,0.2,2699,0
3/27/21,11-May,"White, non-Latinx",43777,0,0,0,0,0,0,0,0
6/10/23,17-Dec,"Other, non-Latinx",3047,5419,1,4226,1,970,0.3,502,0.2
2/5/22,11-May,Unknown,,3188,,2346,,4,,0,
10/9/21,11-May,Unknown,,0,,0,,0,,0,
12/31/22,17-Dec,Latinx,76627,69897,0.9,62943,0.8,20503,0.3,7455,0.1
5/6/23,17-Dec,"Other, non-Latinx",3047,5413,1,4225,1,970,0.3,482,0.2
7/24/21,17-Dec,All,180859,82225,0.5,67503,0.4,0,0,0,0
7/22/23,11-May,"Other, non-Latinx",6225,4123,0.7,3358,0.5,512,0.1,623,0.1
6/10/23,0-4,"Black, non-Latinx",47946,3414,0.1,1060,0,4,0,704,0
6/4/22,17-Dec,All,180859,143913,0.8,128719,0.7,36325,0.2,0,0
8/13/22,17-Dec,"White, non-Latinx",35643,26145,0.7,24088,0.7,11729,0.3,0,0
7/8/23,11-May,Latinx,83432,51066,0.6,43940,0.5,7092,0.1,8552,0.1
6/24/23,17-Dec,Latinx,76627,70790,0.9,63134,0.8,20533,0.3,11797,0.2
9/4/21,11-May,"White, non-Latinx",43777,0,0,0,0,0,0,0,0
8/12/23,17-Dec,"Asian, non-Latinx",8804,8080,0.9,7534,0.9,3610,0.4,1794,0.2
5/14/22,11-May,"Black, non-Latinx",66458,22180,0.3,17910,0.3,60,0,0,0
8/21/21,17-Dec,Latinx,76627,47637,0.6,37643,0.5,29,0,0,0
3/18/23,11-May,"Black, non-Latinx",66458,24702,0.4,19908,0.3,2497,0,2173,0
3/11/23,11-May,All,210448,119065,0.6,103658,0.5,21218,0.1,18963,0.1
1/15/22,17-Dec,"Black, non-Latinx",57964,28833,0.5,23349,0.4,1689,0,0,0
6/10/23,17-Dec,All,180859,148445,0.8,131161,0.7,44587,0.2,25848,0.1
7/16/22,17-Dec,Latinx,76627,68733,0.9,62324,0.8,17672,0.2,0,0
10/30/21,11-May,"Asian, non-Latinx",10651,0,0,0,0,0,0,0,0
10/30/21,17-Dec,Latinx,76627,56503,0.7,50393,0.7,148,0,0,0
9/17/22,11-May,All,210448,115316,0.5,100693,0.5,19256,0.1,0,0
8/5/23,11-May,"Black, non-Latinx",66458,24947,0.4,19968,0.3,2508,0,3000,0
10/1/22,11-May,"Other, non-Latinx",6225,3899,0.6,3240,0.5,483,0.1,0,0
5/20/23,17-Dec,All,180859,148311,0.8,131157,0.7,44580,0.2,25356,0.1
7/1/23,11-May,Latinx,83432,51029,0.6,43940,0.5,7092,0.1,8473,0.1
11/13/21,17-Dec,All,180859,119518,0.7,105161,0.6,365,0,0,0
11/26/22,65+,Unknown,,11659,,8863,,4147,,1488,
8/20/22,11-May,All,210448,114299,0.5,99492,0.5,16922,0.1,0,0
6/5/21,11-May,"White, non-Latinx",43777,0,0,0,0,0,0,0,0
2/13/21,11-May,Latinx,83432,0,0,0,0,0,0,0,0
7/3/21,17-Dec,"Other, non-Latinx",3047,2150,0.7,1619,0.5,0,0,0,0
2/18/23,17-Dec,Unknown,,3437,,2540,,745,,413,
4/23/22,17-Dec,"Asian, non-Latinx",8804,7890,0.9,7437,0.8,2934,0.3,0,0
2/12/22,11-May,"White, non-Latinx",43777,25157,0.6,22558,0.5,85,0,0,0
8/21/21,17-Dec,"Other, non-Latinx",3047,3265,1,2348,0.8,3,0,0,0
9/16/23,17-Dec,"White, non-Latinx",35643,26456,0.7,24175,0.7,11968,0.3,7833,0.2
3/13/21,11-May,All,210448,0,0,0,0,0,0,0,0
12/4/21,11-May,"Other, non-Latinx",6225,1737,0.3,801,0.1,0,0,0,0
4/2/22,17-Dec,"Asian, non-Latinx",8804,7866,0.9,7421,0.8,2831,0.3,0,0
4/9/22,17-Dec,All,180859,142784,0.8,127641,0.7,32716,0.2,0,0
4/22/23,11-May,"Other, non-Latinx",6225,4086,0.7,3356,0.5,511,0.1,538,0.1
5/6/23,11-May,"Black, non-Latinx",66458,24806,0.4,19967,0.3,2505,0,2458,0
1/22/22,11-May,All,210448,90598,0.4,63676,0.3,233,0,0,0
10/29/22,11-May,Unknown,,3872,,3009,,665,,135,
8/12/23,17-Dec,"Other, non-Latinx",3047,5431,1,4226,1,970,0.3,542,0.2
11/27/21,11-May,"Other, non-Latinx",6225,1542,0.2,82,0,0,0,0,0
9/24/22,17-Dec,"Black, non-Latinx",57964,33747,0.6,29234,0.5,6718,0.1,318,0
9/16/23,11-May,"Asian, non-Latinx",10651,8312,0.8,7660,0.7,2079,0.2,2140,0.2
5/20/23,17-Dec,"Other, non-Latinx",3047,5417,1,4225,1,970,0.3,491,0.2
3/6/21,11-May,"Other, non-Latinx",6225,0,0,0,0,0,0,0,0
5/22/21,17-Dec,Latinx,76627,17943,0.2,4868,0.1,0,0,0,0
4/8/23,11-May,Latinx,83432,50439,0.6,43900,0.5,7076,0.1,6983,0.1
8/28/21,11-May,"Other, non-Latinx",6225,0,0,0,0,0,0,0,0
8/7/21,17-Dec,"White, non-Latinx",35643,20667,0.6,18073,0.5,0,0,0,0
1/1/22,17-Dec,Latinx,76627,60911,0.8,54049,0.7,1612,0,0,0
2/26/22,11-May,"Other, non-Latinx",6225,3448,0.6,2773,0.4,2,0,0,0
7/2/22,17-Dec,"White, non-Latinx",35643,26099,0.7,24035,0.7,11177,0.3,0,0
4/24/21,17-Dec,"Asian, non-Latinx",8804,809,0.1,146,0,0,0,0,0
3/19/22,17-Dec,All,180859,142228,0.8,126761,0.7,31203,0.2,0,0
6/19/21,17-Dec,"Other, non-Latinx",3047,1922,0.6,1323,0.4,0,0,0,0
7/30/22,11-May,All,210448,112725,0.5,98324,0.5,12922,0.1,0,0
4/16/22,11-May,"Asian, non-Latinx",10651,7485,0.7,6881,0.6,43,0,0,0
1/2/21,17-Dec,All,180859,13,0,0,0,0,0,0,0
7/29/23,11-May,"Black, non-Latinx",66458,24929,0.4,19968,0.3,2508,0,2953,0
6/10/23,11-May,"Other, non-Latinx",6225,4111,0.7,3357,0.5,512,0.1,593,0.1
2/6/21,11-May,"White, non-Latinx",43777,0,0,0,0,0,0,0,0
3/20/21,11-May,All,210448,0,0,0,0,0,0,0,0
10/8/22,17-Dec,"Other, non-Latinx",3047,5309,1,4197,1,966,0.3,108,0
4/8/23,11-May,"White, non-Latinx",43777,27812,0.6,25932,0.6,8397,0.2,7880,0.2
8/7/21,17-Dec,"Asian, non-Latinx",8804,6420,0.7,5664,0.6,0,0,0,0
1/22/22,17-Dec,All,180859,134836,0.7,115736,0.6,18213,0.1,0,0
9/10/22,17-Dec,"Asian, non-Latinx",8804,7999,0.9,7513,0.9,3609,0.4,39,0
1/15/22,11-May,All,210448,85301,0.4,59311,0.3,211,0,0,0
1/9/21,11-May,"Asian, non-Latinx",10651,0,0,0,0,0,0,0,0
12/4/21,17-Dec,"Asian, non-Latinx",8804,7354,0.8,6870,0.8,31,0,0,0
4/9/22,11-May,All,210448,107373,0.5,93336,0.4,387,0,0,0
2/6/21,17-Dec,Unknown,,4,,1,,0,,0,
5/29/21,11-May,"Asian, non-Latinx",10651,0,0,0,0,0,0,0,0
1/9/21,11-May,"White, non-Latinx",43777,0,0,0,0,0,0,0,0
1/21/23,11-May,"Black, non-Latinx",66458,24516,0.4,19760,0.3,2494,0,1736,0
1/2/21,11-May,"Other, non-Latinx",6225,0,0,0,0,0,0,0,0
5/15/21,17-Dec,All,180859,28138,0.2,8885,0,0,0,0,0
10/30/21,17-Dec,"White, non-Latinx",35643,23246,0.7,21333,0.6,55,0,0,0
9/25/21,17-Dec,"White, non-Latinx",35643,22677,0.6,20513,0.6,30,0,0,0
11/20/21,17-Dec,All,180859,120737,0.7,105864,0.6,414,0,0,0
6/17/23,17-Dec,"White, non-Latinx",35643,26442,0.7,24173,0.7,11968,0.3,7595,0.2
2/19/22,17-Dec,All,180859,140499,0.8,123446,0.7,27517,0.2,0,0
12/19/20,50-64,Latinx,114048,164,0,0,0,0,0,0,0
4/1/23,11-May,"White, non-Latinx",43777,27809,0.6,25930,0.6,8397,0.2,7842,0.2
10/30/21,11-May,Unknown,,0,,0,,0,,0,
6/12/21,17-Dec,"Asian, non-Latinx",8804,4777,0.5,3148,0.4,0,0,0,0
8/12/23,11-May,"Other, non-Latinx",6225,4142,0.7,3358,0.5,512,0.1,656,0.1
6/3/23,17-Dec,"Black, non-Latinx",57964,34307,0.6,29554,0.5,6763,0.1,3982,0.1
8/26/23,11-May,"Other, non-Latinx",6225,4149,0.7,3358,0.5,512,0.1,668,0.1
2/26/22,11-May,"White, non-Latinx",43777,25460,0.6,23202,0.5,93,0,0,0
1/1/22,17-Dec,"Black, non-Latinx",57964,27016,0.5,22446,0.4,725,0,0,0
11/27/21,17-Dec,"Asian, non-Latinx",8804,7330,0.8,6810,0.8,23,0,0,0
9/9/23,17-Dec,Unknown,,3469,,2541,,745,,525,
6/19/21,11-May,"Black, non-Latinx",66458,0,0,0,0,0,0,0,0
2/11/23,11-May,"Black, non-Latinx",66458,24592,0.4,19824,0.3,2494,0,1915,0
7/2/22,11-May,Latinx,83432,46709,0.6,40976,0.5,2126,0,0,0
8/21/21,17-Dec,"Black, non-Latinx",57964,17972,0.3,13408,0.2,7,0,0,0
2/18/23,11-May,"Other, non-Latinx",6225,4055,0.7,3332,0.5,510,0.1,485,0.1
1/21/23,17-Dec,"Black, non-Latinx",57964,34101,0.6,29447,0.5,6754,0.1,3064,0.1
9/4/21,11-May,All,210448,0,0,0,0,0,0,0,0
1/30/21,17-Dec,"Asian, non-Latinx",8804,12,0,2,0,0,0,0,0
12/11/21,11-May,Unknown,,2128,,1299,,0,,0,
12/3/22,11-May,All,210448,117516,0.6,102460,0.5,21135,0.1,11222,0.1
12/17/22,11-May,Latinx,83432,49660,0.6,43285,0.5,7033,0.1,3774,0
1/2/21,11-May,"Black, non-Latinx",66458,0,0,0,0,0,0,0,0
2/13/21,17-Dec,Unknown,,5,,1,,0,,0,
11/19/22,11-May,Unknown,,3909,,3025,,668,,307,
10/8/22,11-May,"Other, non-Latinx",6225,3907,0.6,3246,0.5,492,0.1,0,0
7/9/22,11-May,"Asian, non-Latinx",10651,7794,0.7,7198,0.7,1049,0.1,0,0
6/24/23,11-May,Latinx,83432,50965,0.6,43940,0.5,7092,0.1,8326,0.1
3/27/21,11-May,Latinx,83432,0,0,0,0,0,0,0,0
7/16/22,11-May,All,210448,111847,0.5,97776,0.5,10833,0.1,0,0
7/17/21,11-May,Latinx,83432,0,0,0,0,0,0,0,0
5/20/23,11-May,"Other, non-Latinx",6225,4103,0.7,3357,0.5,511,0.1,575,0.1
7/30/22,11-May,"Black, non-Latinx",66458,23007,0.3,18648,0.3,1314,0,0,0
4/1/23,17-Dec,"White, non-Latinx",35643,26426,0.7,24170,0.7,11967,0.3,7330,0.2
8/27/22,17-Dec,Unknown,,3322,,2516,,737,,0,
7/22/23,11-May,All,210448,120396,0.6,103930,0.5,21261,0.1,23674,0.1
5/27/23,11-May,"Asian, non-Latinx",10651,8270,0.8,7660,0.7,2077,0.2,1924,0.2
5/15/21,11-May,"Other, non-Latinx",6225,0,0,0,0,0,0,0,0
4/23/22,11-May,Latinx,83432,45591,0.5,39772,0.5,190,0,0,0
3/6/21,11-May,Unknown,,0,,0,,0,,0,
9/10/22,17-Dec,"Black, non-Latinx",57964,33682,0.6,29179,0.5,6698,0.1,65,0
12/17/22,11-May,"Black, non-Latinx",66458,24377,0.4,19659,0.3,2488,0,1344,0
2/4/23,18-29,All,526788,449119,0.9,375041,0.7,161606,0.3,69423,0.1
4/3/21,11-May,"Asian, non-Latinx",10651,0,0,0,0,0,0,0,0
1/9/21,11-May,All,210448,0,0,0,0,0,0,0,0
7/24/21,17-Dec,Unknown,,1826,,1369,,0,,0,
11/19/22,17-Dec,Unknown,,3396,,2532,,742,,280,
12/26/20,11-May,All,210448,0,0,0,0,0,0,0,0
2/19/22,11-May,"White, non-Latinx",43777,25319,0.6,22942,0.5,89,0,0,0
1/28/23,17-Dec,All,180859,147443,0.8,130884,0.7,44556,0.2,21025,0.1
4/15/23,11-May,"Black, non-Latinx",66458,24772,0.4,19955,0.3,2504,0,2337,0
10/23/21,11-May,All,210448,0,0,0,0,0,0,0,0
10/16/21,11-May,"White, non-Latinx",43777,0,0,0,0,0,0,0,0
7/15/23,11-May,"Other, non-Latinx",6225,4122,0.7,3357,0.5,512,0.1,619,0.1
8/7/21,17-Dec,Unknown,,2002,,1467,,0,,0,
10/16/21,11-May,"Black, non-Latinx",66458,0,0,0,0,0,0,0,0
12/10/22,11-May,Latinx,83432,49596,0.6,43236,0.5,7028,0.1,3420,0
7/3/21,17-Dec,Unknown,,1615,,1203,,0,,0,
2/18/23,17-Dec,All,180859,147623,0.8,130957,0.7,44558,0.2,22020,0.1
3/18/23,11-May,"Asian, non-Latinx",10651,8243,0.8,7651,0.7,2077,0.2,1723,0.2
7/17/21,17-Dec,All,180859,78689,0.4,64464,0.4,0,0,0,0
12/26/20,11-May,"Black, non-Latinx",66458,0,0,0,0,0,0,0,0
6/25/22,0-4,"Black, non-Latinx",47946,91,0,0,0,0,0,0,0
6/3/23,11-May,"Other, non-Latinx",6225,4108,0.7,3357,0.5,511,0.1,588,0.1
8/28/21,17-Dec,"Asian, non-Latinx",8804,6791,0.8,6107,0.7,4,0,0,0
5/13/23,17-Dec,Latinx,76627,70593,0.9,63133,0.8,20523,0.3,11142,0.1
11/26/22,0-4,"Asian, non-Latinx",9998,2258,0.2,1263,0.1,4,0,0,0
12/10/22,11-May,All,210448,117679,0.6,102580,0.5,21143,0.1,12361,0.1
5/21/22,11-May,"Black, non-Latinx",66458,22281,0.3,18023,0.3,92,0,0,0
6/24/23,11-May,All,210448,120100,0.6,103925,0.5,21258,0.1,22738,0.1
4/10/21,17-Dec,Latinx,76627,1055,0,188,0,0,0,0,0
12/10/22,11-May,Unknown,,3927,,3037,,669,,428,
6/10/23,11-May,"Black, non-Latinx",66458,24860,0.4,19968,0.3,2507,0,2648,0
5/13/23,11-May,"Asian, non-Latinx",10651,8263,0.8,7660,0.7,2077,0.2,1878,0.2
8/26/23,11-May,"Asian, non-Latinx",10651,8302,0.8,7660,0.7,2079,0.2,2121,0.2
5/1/21,11-May,"Other, non-Latinx",6225,0,0,0,0,0,0,0,0
10/29/22,11-May,"Other, non-Latinx",6225,3932,0.6,3263,0.5,502,0.1,121,0
3/25/23,17-Dec,Latinx,76627,70336,0.9,63088,0.8,20519,0.3,10138,0.1
2/11/23,11-May,"White, non-Latinx",43777,27770,0.6,25898,0.6,8395,0.2,7365,0.2
11/13/21,11-May,"White, non-Latinx",43777,12572,0.3,5,0,0,0,0,0
3/20/21,11-May,Unknown,,0,,0,,0,,0,
7/23/22,17-Dec,Latinx,76627,68781,0.9,62365,0.8,18004,0.2,0,0
6/25/22,11-May,"Other, non-Latinx",6225,3690,0.6,3086,0.5,199,0,0,0
7/15/23,17-Dec,Unknown,,3462,,2541,,745,,495,
7/31/21,17-Dec,Unknown,,1931,,1418,,0,,0,
12/11/21,11-May,Latinx,83432,20777,0.2,12051,0.1,27,0,0,0
10/1/22,0-4,Latinx,54903,4623,0.1,1227,0,4,0,0,0
4/9/22,17-Dec,"White, non-Latinx",35643,25939,0.7,23879,0.7,9924,0.3,0,0
7/22/23,17-Dec,Unknown,,3463,,2541,,745,,498,
10/22/22,17-Dec,All,180859,146301,0.8,130477,0.7,44495,0.2,7781,0
10/23/21,11-May,Latinx,83432,0,0,0,0,0,0,0,0
1/8/22,11-May,"Black, non-Latinx",66458,13815,0.2,7980,0.1,14,0,0,0
8/21/21,11-May,All,210448,0,0,0,0,0,0,0,0
7/8/23,17-Dec,"Other, non-Latinx",3047,5423,1,4226,1,970,0.3,516,0.2
7/30/22,17-Dec,All,180859,144922,0.8,129588,0.7,41021,0.2,0,0
11/5/22,11-May,Unknown,,3884,,3015,,667,,181,
8/26/23,17-Dec,Latinx,76627,71164,0.9,63135,0.8,20533,0.3,12965,0.2
5/7/22,11-May,"Asian, non-Latinx",10651,7554,0.7,6943,0.7,43,0,0,0
5/27/23,17-Dec,Latinx,76627,70685,0.9,63133,0.8,20527,0.3,11386,0.1
1/22/22,17-Dec,"Black, non-Latinx",57964,29577,0.5,23859,0.4,2253,0,0,0
7/29/23,11-May,Unknown,,4023,,3065,,670,,745,
12/4/21,17-Dec,All,180859,122361,0.7,108082,0.6,554,0,0,0
8/14/21,11-May,"Other, non-Latinx",6225,0,0,0,0,0,0,0,0
1/14/23,17-Dec,"White, non-Latinx",35643,26398,0.7,24150,0.7,11966,0.3,6835,0.2
8/13/22,17-Dec,"Black, non-Latinx",57964,33539,0.6,29032,0.5,6341,0.1,0,0
9/24/22,11-May,"Asian, non-Latinx",10651,8042,0.8,7479,0.7,1981,0.2,0,0
6/17/23,11-May,"Asian, non-Latinx",10651,8271,0.8,7660,0.7,2078,0.2,1963,0.2
2/26/22,17-Dec,"Other, non-Latinx",3047,5118,1,4056,1,665,0.2,0,0
2/12/22,17-Dec,"Other, non-Latinx",3047,5079,1,3969,1,616,0.2,0,0
5/15/21,11-May,All,210448,0,0,0,0,0,0,0,0
11/6/21,17-Dec,Unknown,,2482,,1973,,2,,0,
4/29/23,17-Dec,"White, non-Latinx",35643,26431,0.7,24171,0.7,11967,0.3,7421,0.2
8/14/21,11-May,"Black, non-Latinx",66458,0,0,0,0,0,0,0,0
12/17/22,17-Dec,"Other, non-Latinx",3047,5367,1,4212,1,968,0.3,352,0.1
7/22/23,11-May,"Black, non-Latinx",66458,24921,0.4,19968,0.3,2508,0,2909,0
2/27/21,17-Dec,Unknown,,10,,2,,0,,0,
6/26/21,17-Dec,"White, non-Latinx",35643,18298,0.5,15608,0.4,0,0,0,0
6/17/23,11-May,"Other, non-Latinx",6225,4113,0.7,3357,0.5,512,0.1,599,0.1
6/26/21,11-May,Unknown,,0,,0,,0,,0,
3/11/23,17-Dec,"Asian, non-Latinx",8804,8068,0.9,7532,0.9,3610,0.4,1616,0.2
8/7/21,11-May,Latinx,83432,0,0,0,0,0,0,0,0
1/30/21,65+,"Other, non-Latinx",3206,1172,0.4,175,0.1,0,0,0,0
3/26/22,17-Dec,"Black, non-Latinx",57964,32442,0.6,27872,0.5,4221,0.1,0,0
3/27/21,17-Dec,"White, non-Latinx",35643,500,0,110,0,0,0,0,0
8/6/22,11-May,Latinx,83432,47610,0.6,41563,0.5,4072,0,0,0
4/10/21,17-Dec,"Other, non-Latinx",3047,92,0,16,0,0,0,0,0
6/19/21,50-64,"Asian, non-Latinx",27117,21219,0.8,19877,0.7,0,0,0,0
5/28/22,17-Dec,All,180859,143820,0.8,128612,0.7,35890,0.2,0,0
11/13/21,17-Dec,Latinx,76627,57682,0.8,51278,0.7,190,0,0,0
7/31/21,11-May,All,210448,0,0,0,0,0,0,0,0
8/12/23,11-May,All,210448,120676,0.6,103932,0.5,21265,0.1,24543,0.1
7/10/21,17-Dec,"Black, non-Latinx",57964,12173,0.2,9305,0.2,0,0,0,0
2/20/21,11-May,"Other, non-Latinx",6225,0,0,0,0,0,0,0,0
5/28/22,11-May,All,210448,109726,0.5,95796,0.5,2658,0,0,0
10/2/21,17-Dec,"Asian, non-Latinx",8804,7016,0.8,6540,0.7,8,0,0,0
6/19/21,11-May,Latinx,83432,0,0,0,0,0,0,0,0
2/19/22,17-Dec,"Asian, non-Latinx",8804,7797,0.9,7327,0.8,2503,0.3,0,0
4/1/23,11-May,Unknown,,3985,,3064,,670,,601,
3/4/23,17-Dec,Unknown,,3439,,2540,,745,,424,
8/13/22,11-May,"White, non-Latinx",43777,27100,0.6,25112,0.6,6634,0.2,0,0
11/26/22,11-May,All,210448,117369,0.6,102331,0.5,21126,0.1,10121,0
7/2/22,0-4,"Asian, non-Latinx",9998,442,0,0,0,0,0,0,0
2/25/23,11-May,Unknown,,3973,,3060,,669,,566,
7/2/22,17-Dec,"Other, non-Latinx",3047,5233,1,4166,1,865,0.3,0,0
4/9/22,17-Dec,Latinx,76627,68004,0.9,61646,0.8,14259,0.2,0,0
12/19/20,17-Dec,"Asian, non-Latinx",8804,0,0,0,0,0,0,0,0
1/22/22,11-May,"Black, non-Latinx",66458,16990,0.3,9917,0.1,22,0,0,0
,,,,,,,,,,,
,,,,,,,,,,,
,,,,,,,,,,,
,,,,,,,,,,,
,,,,,,,,,,,
,,,,,,,,,,,
,,,,,,,,,,,
,,,,,,,,,,,
,,,,,,,,,,,
,,,,,,,,,,,
,,,,,,,,,,,
,,,,,,,,,,,
,,,,,,,,,,,
,,,,,,,,,,,
,,,,,,,,,,,
,,,,,,,,,,,
,,,,,,,,,,,
12/26/20,50-64,Unknown,,235,,0,,0,,0,
,,,,,,,,,,,
,,,,,,,,,,,
,,,,,,,,,,,
,,,,,,,,,,,
,,,,,,,,,,,
2/25/23,0-4,"Black, non-Latinx",47946,3077,0.1,1007,0,2,0,242,0
,,,,,,,,,,,
,,,,,,,,,,,
,,,,,,,,,,,
,,,,,,,,,,,
,,,,,,,,,,,
,,,,,,,,,,,
,,,,,,,,,,,
,,,,,,,,,,,
,,,,,,,,,,,
,,,,,,,,,,,
,,,,,,,,,,,
,,,,,,,,,,,
,,,,,,,,,,,
,,,,,,,,,,,
,,,,,,,,,,,
,,,,,,,,,,,
,,,,,,,,,,,
,,,,,,,,,,,
,,,,,,,,,,,
8/5/23,0-4,"Black, non-Latinx",47946,3543,0.1,1061,0,4,0,996,0
5/29/21,50-64,"Asian, non-Latinx",27117,20534,0.8,18511,0.7,0,0,0,0
,,,,,,,,,,,
,,,,,,,,,,,
,,,,,,,,,,,
3/25/23,0-4,"Black, non-Latinx",47946,3217,0.1,1035,0,2,0,347,0
,,,,,,,,,,,
,,,,,,,,,,,
,,,,,,,,,,,
,,,,,,,,,,,
,,,,,,,,,,,
,,,,,,,,,,,
,,,,,,,,,,,
,,,,,,,,,,,
,,,,,,,,,,,
,,,,,,,,,,,
,,,,,,,,,,,
,,,,,,,,,,,
,,,,,,,,,,,
,,,,,,,,,,,
,,,,,,,,,,,
,,,,,,,,,,,
,,,,,,,,,,,
,,,,,,,,,,,
,,,,,,,,,,,
,,,,,,,,,,,
,,,,,,,,,,,
,,,,,,,,,,,
,,,,,,,,,,,
,,,,,,,,,,,
,,,,,,,,,,,
,,,,,,,,,,,
,,,,,,,,,,,
,,,,,,,,,,,
,,,,,,,,,,,
,,,,,,,,,,,
,,,,,,,,,,,
,,,,,,,,,,,
,,,,,,,,,,,
,,,,,,,,,,,
,,,,,,,,,,,
,,,,,,,,,,,
,,,,,,,,,,,
,,,,,,,,,,,
,,,,,,,,,,,
,,,,,,,,,,,
,,,,,,,,,,,
,,,,,,,,,,,
,,,,,,,,,,,
,,,,,,,,,,,
,,,,,,,,,,,
,,,,,,,,,,,
,,,,,,,,,,,
,,,,,,,,,,,
,,,,,,,,,,,
,,,,,,,,,,,
,,,,,,,,,,,
,,,,,,,,,,,
,,,,,,,,,,,
,,,,,,,,,,,
,,,,,,,,,,,
,,,,,,,,,,,
,,,,,,,,,,,
,,,,,,,,,,,
,,,,,,,,,,,
,,,,,,,,,,,
,,,,,,,,,,,
,,,,,,,,,,,
,,,,,,,,,,,
,,,,,,,,,,,
,,,,,,,,,,,
,,,,,,,,,,,
,,,,,,,,,,,
,,,,,,,,,,,
,,,,,,,,,,,
,,,,,,,,,,,
,,,,,,,,,,,
,,,,,,,,,,,
,,,,,,,,,,,
,,,,,,,,,,,
,,,,,,,,,,,
,,,,,,,,,,,
,,,,,,,,,,,
,,,,,,,,,,,
,,,,,,,,,,,
,,,,,,,,,,,
,,,,,,,,,,,
,,,,,,,,,,,
,,,,,,,,,,,
,,,,,,,,,,,
,,,,,,,,,,,
,,,,,,,,,,,
,,,,,,,,,,,
,,,,,,,,,,,
,,,,,,,,,,,
,,,,,,,,,,,
,,,,,,,,,,,
,,,,,,,,,,,
,,,,,,,,,,,
,,,,,,,,,,,
,,,,,,,,,,,
,,,,,,,,,,,
7/30/22,0-4,"Black, non-Latinx",47946,876,0,67,0,0,0,0,0
,,,,,,,,,,,
,,,,,,,,,,,
,,,,,,,,,,,
,,,,,,,,,,,
,,,,,,,,,,,
,,,,,,,,,,,
,,,,,,,,,,,
,,,,,,,,,,,
,,,,,,,,,,,
,,,,,,,,,,,
,,,,,,,,,,,
,,,,,,,,,,,
,,,,,,,,,,,
,,,,,,,,,,,
,,,,,,,,,,,
,,,,,,,,,,,
,,,,,,,,,,,
,,,,,,,,,,,
,,,,,,,,,,,
,,,,,,,,,,,
,,,,,,,,,,,
,,,,,,,,,,,
,,,,,,,,,,,
,,,,,,,,,,,
,,,,,,,,,,,
,,,,,,,,,,,
,,,,,,,,,,,
,,,,,,,,,,,
,,,,,,,,,,,
,,,,,,,,,,,
,,,,,,,,,,,
,,,,,,,,,,,
,,,,,,,,,,,
,,,,,,,,,,,
,,,,,,,,,,,
,,,,,,,,,,,
,,,,,,,,,,,
,,,,,,,,,,,
,,,,,,,,,,,
,,,,,,,,,,,
,,,,,,,,,,,
,,,,,,,,,,,
,,,,,,,,,,,
,,,,,,,,,,,
,,,,,,,,,,,
,,,,,,,,,,,
,,,,,,,,,,,
,,,,,,,,,,,
,,,,,,,,,,,
,,,,,,,,,,,
,,,,,,,,,,,
,,,,,,,,,,,
,,,,,,,,,,,
,,,,,,,,,,,
,,,,,,,,,,,
,,,,,,,,,,,
,,,,,,,,,,,
,,,,,,,,,,,
,,,,,,,,,,,
,,,,,,,,,,,
,,,,,,,,,,,
,,,,,,,,,,,
,,,,,,,,,,,
,,,,,,,,,,,
,,,,,,,,,,,
,,,,,,,,,,,
,,,,,,,,,,,
,,,,,,,,,,,
,,,,,,,,,,,
,,,,,,,,,,,
,,,,,,,,,,,
,,,,,,,,,,,
,,,,,,,,,,,
,,,,,,,,,,,
,,,,,,,,,,,
,,,,,,,,,,,
,,,,,,,,,,,
,,,,,,,,,,,
,,,,,,,,,,,
,,,,,,,,,,,
,,,,,,,,,,,
,,,,,,,,,,,
,,,,,,,,,,,
,,,,,,,,,,,
,,,,,,,,,,,
,,,,,,,,,,,
,,,,,,,,,,,
,,,,,,,,,,,
,,,,,,,,,,,
,,,,,,,,,,,
,,,,,,,,,,,
,,,,,,,,,,,
,,,,,,,,,,,
,,,,,,,,,,,
,,,,,,,,,,,
2/11/23,0-4,"Black, non-Latinx",47946,2991,0.1,980,0,2,0,189,0
,,,,,,,,,,,
,,,,,,,,,,,
,,,,,,,,,,,
,,,,,,,,,,,
,,,,,,,,,,,
,,,,,,,,,,,
,,,,,,,,,,,
,,,,,,,,,,,
,,,,,,,,,,,
,,,,,,,,,,,
,,,,,,,,,,,
,,,,,,,,,,,
,,,,,,,,,,,
,,,,,,,,,,,
,,,,,,,,,,,
,,,,,,,,,,,
,,,,,,,,,,,
,,,,,,,,,,,
,,,,,,,,,,,
,,,,,,,,,,,
,,,,,,,,,,,
,,,,,,,,,,,
,,,,,,,,,,,
,,,,,,,,,,,
,,,,,,,,,,,
,,,,,,,,,,,
,,,,,,,,,,,
,,,,,,,,,,,
,,,,,,,,,,,
,,,,,,,,,,,
,,,,,,,,,,,
,,,,,,,,,,,
,,,,,,,,,,,
,,,,,,,,,,,
,,,,,,,,,,,
,,,,,,,,,,,
,,,,,,,,,,,
,,,,,,,,,,,
,,,,,,,,,,,
,,,,,,,,,,,
,,,,,,,,,,,
,,,,,,,,,,,
,,,,,,,,,,,
,,,,,,,,,,,
,,,,,,,,,,,
,,,,,,,,,,,
,,,,,,,,,,,
,,,,,,,,,,,
,,,,,,,,,,,
,,,,,,,,,,,
,,,,,,,,,,,
,,,,,,,,,,,
,,,,,,,,,,,
,,,,,,,,,,,
,,,,,,,,,,,
,,,,,,,,,,,
,,,,,,,,,,,
,,,,,,,,,,,
,,,,,,,,,,,
,,,,,,,,,,,
,,,,,,,,,,,
,,,,,,,,,,,
,,,,,,,,,,,
,,,,,,,,,,,
,,,,,,,,,,,
,,,,,,,,,,,
,,,,,,,,,,,
,,,,,,,,,,,
,,,,,,,,,,,
,,,,,,,,,,,
,,,,,,,,,,,
,,,,,,,,,,,
,,,,,,,,,,,
,,,,,,,,,,,
,,,,,,,,,,,
,,,,,,,,,,,
,,,,,,,,,,,
,,,,,,,,,,,
,,,,,,,,,,,
,,,,,,,,,,,
,,,,,,,,,,,
,,,,,,,,,,,
,,,,,,,,,,,
,,,,,,,,,,,
,,,,,,,,,,,
,,,,,,,,,,,
,,,,,,,,,,,
,,,,,,,,,,,
,,,,,,,,,,,
,,,,,,,,,,,
,,,,,,,,,,,
,,,,,,,,,,,
,,,,,,,,,,,
,,,,,,,,,,,
,,,,,,,,,,,
,,,,,,,,,,,
,,,,,,,,,,,
,,,,,,,,,,,
,,,,,,,,,,,
,,,,,,,,,,,
,,,,,,,,,,,
,,,,,,,,,,,
,,,,,,,,,,,
,,,,,,,,,,,
,,,,,,,,,,,
,,,,,,,,,,,
,,,,,,,,,,,
,,,,,,,,,,,
,,,,,,,,,,,
,,,,,,,,,,,
,,,,,,,,,,,
,,,,,,,,,,,
,,,,,,,,,,,
,,,,,,,,,,,
,,,,,,,,,,,
,,,,,,,,,,,
,,,,,,,,,,,
,,,,,,,,,,,
,,,,,,,,,,,
,,,,,,,,,,,
,,,,,,,,,,,
,,,,,,,,,,,
,,,,,,,,,,,
,,,,,,,,,,,
,,,,,,,,,,,
1/2/21,50-64,"Asian, non-Latinx",27117,805,0,0,0,0,0,0,0
,,,,,,,,,,,
,,,,,,,,,,,
,,,,,,,,,,,
,,,,,,,,,,,
,,,,,,,,,,,
,,,,,,,,,,,
,,,,,,,,,,,
,,,,,,,,,,,
,,,,,,,,,,,
,,,,,,,,,,,
,,,,,,,,,,,
,,,,,,,,,,,
,,,,,,,,,,,
,,,,,,,,,,,
,,,,,,,,,,,
,,,,,,,,,,,
,,,,,,,,,,,
,,,,,,,,,,,
,,,,,,,,,,,
,,,,,,,,,,,
,,,,,,,,,,,
,,,,,,,,,,,
,,,,,,,,,,,
,,,,,,,,,,,
,,,,,,,,,,,
,,,,,,,,,,,
,,,,,,,,,,,
,,,,,,,,,,,
,,,,,,,,,,,
,,,,,,,,,,,
,,,,,,,,,,,
,,,,,,,,,,,
,,,,,,,,,,,
,,,,,,,,,,,
,,,,,,,,,,,
,,,,,,,,,,,
,,,,,,,,,,,
,,,,,,,,,,,
,,,,,,,,,,,
,,,,,,,,,,,
,,,,,,,,,,,
,,,,,,,,,,,
,,,,,,,,,,,
,,,,,,,,,,,
,,,,,,,,,,,
,,,,,,,,,,,
,,,,,,,,,,,
,,,,,,,,,,,
,,,,,,,,,,,
,,,,,,,,,,,
,,,,,,,,,,,
,,,,,,,,,,,
,,,,,,,,,,,
,,,,,,,,,,,
,,,,,,,,,,,
,,,,,,,,,,,
,,,,,,,,,,,
,,,,,,,,,,,
,,,,,,,,,,,
,,,,,,,,,,,
,,,,,,,,,,,
,,,,,,,,,,,
,,,,,,,,,,,
,,,,,,,,,,,
,,,,,,,,,,,
,,,,,,,,,,,
,,,,,,,,,,,
,,,,,,,,,,,
,,,,,,,,,,,
,,,,,,,,,,,
,,,,,,,,,,,
,,,,,,,,,,,
,,,,,,,,,,,
,,,,,,,,,,,
,,,,,,,,,,,
,,,,,,,,,,,
,,,,,,,,,,,
,,,,,,,,,,,
,,,,,,,,,,,
,,,,,,,,,,,
,,,,,,,,,,,
,,,,,,,,,,,
,,,,,,,,,,,
,,,,,,,,,,,
,,,,,,,,,,,
,,,,,,,,,,,
,,,,,,,,,,,
,,,,,,,,,,,
,,,,,,,,,,,
,,,,,,,,,,,
,,,,,,,,,,,
,,,,,,,,,,,
,,,,,,,,,,,
,,,,,,,,,,,
,,,,,,,,,,,
,,,,,,,,,,,
,,,,,,,,,,,
,,,,,,,,,,,
,,,,,,,,,,,
,,,,,,,,,,,
,,,,,,,,,,,
,,,,,,,,,,,
,,,,,,,,,,,
,,,,,,,,,,,
,,,,,,,,,,,
,,,,,,,,,,,
,,,,,,,,,,,
,,,,,,,,,,,
,,,,,,,,,,,
,,,,,,,,,,,
,,,,,,,,,,,
,,,,,,,,,,,
,,,,,,,,,,,
,,,,,,,,,,,
,,,,,,,,,,,
,,,,,,,,,,,
,,,,,,,,,,,
,,,,,,,,,,,
,,,,,,,,,,,
,,,,,,,,,,,
,,,,,,,,,,,
,,,,,,,,,,,
,,,,,,,,,,,
,,,,,,,,,,,
,,,,,,,,,,,
,,,,,,,,,,,
,,,,,,,,,,,
,,,,,,,,,,,
,,,,,,,,,,,
,,,,,,,,,,,
,,,,,,,,,,,
,,,,,,,,,,,
,,,,,,,,,,,
,,,,,,,,,,,
,,,,,,,,,,,
,,,,,,,,,,,
,,,,,,,,,,,
,,,,,,,,,,,
,,,,,,,,,,,
,,,,,,,,,,,
,,,,,,,,,,,
,,,,,,,,,,,
,,,,,,,,,,,
,,,,,,,,,,,
,,,,,,,,,,,
,,,,,,,,,,,
,,,,,,,,,,,
,,,,,,,,,,,
,,,,,,,,,,,
,,,,,,,,,,,
,,,,,,,,,,,
,,,,,,,,,,,
,,,,,,,,,,,
,,,,,,,,,,,
,,,,,,,,,,,
,,,,,,,,,,,
,,,,,,,,,,,
,,,,,,,,,,,
,,,,,,,,,,,
,,,,,,,,,,,
,,,,,,,,,,,
,,,,,,,,,,,
,,,,,,,,,,,
,,,,,,,,,,,
,,,,,,,,,,,
,,,,,,,,,,,
,,,,,,,,,,,
,,,,,,,,,,,
,,,,,,,,,,,
,,,,,,,,,,,
,,,,,,,,,,,
,,,,,,,,,,,
,,,,,,,,,,,
,,,,,,,,,,,
,,,,,,,,,,,
,,,,,,,,,,,
,,,,,,,,,,,
,,,,,,,,,,,
,,,,,,,,,,,
7/23/22,17-Dec,Unknown,,3281,,2495,,683,,0,
12/3/22,17-Dec,"Asian, non-Latinx",8804,8048,0.9,7522,0.9,3610,0.4,1149,0.1
9/3/22,11-May,"Asian, non-Latinx",10651,8010,0.8,7429,0.7,1865,0.2,0,0
1/1/22,17-Dec,"White, non-Latinx",35643,24553,0.7,22381,0.6,2000,0.1,0,0
8/20/22,11-May,"Asian, non-Latinx",10651,7990,0.8,7383,0.7,1765,0.2,0,0
4/22/23,11-May,Unknown,,3992,,3065,,670,,629,
10/23/21,17-Dec,Latinx,76627,56135,0.7,49864,0.7,133,0,0,0
7/17/21,17-Dec,Unknown,,1751,,1323,,0,,0,
5/1/21,11-May,"White, non-Latinx",43777,0,0,0,0,0,0,0,0
2/27/21,11-May,"White, non-Latinx",43777,0,0,0,0,0,0,0,0
5/22/21,11-May,"White, non-Latinx",43777,0,0,0,0,0,0,0,0
5/28/22,11-May,"Other, non-Latinx",6225,3655,0.6,3054,0.5,62,0,0,0
4/1/23,17-Dec,All,180859,147932,0.8,131093,0.7,44572,0.2,23832,0.1
7/22/23,11-May,"White, non-Latinx",43777,27874,0.6,25936,0.6,8400,0.2,8543,0.2
3/26/22,11-May,All,210448,106586,0.5,92192,0.4,375,0,0,0
11/5/22,17-Dec,"Asian, non-Latinx",8804,8031,0.9,7520,0.9,3610,0.4,790,0.1
9/25/21,11-May,"Asian, non-Latinx",10651,0,0,0,0,0,0,0,0
3/12/22,11-May,Latinx,83432,44484,0.5,37970,0.5,171,0,0,0
11/27/21,17-Dec,"Black, non-Latinx",57964,24921,0.4,20640,0.4,86,0,0,0
4/22/23,17-Dec,"Other, non-Latinx",3047,5408,1,4224,1,970,0.3,474,0.2
9/24/22,11-May,"Black, non-Latinx",66458,23797,0.4,19216,0.3,2269,0,0,0
3/26/22,11-May,"Asian, non-Latinx",10651,7412,0.7,6801,0.6,41,0,0,0
4/2/22,11-May,All,210448,106987,0.5,92836,0.4,381,0,0,0
3/27/21,11-May,"Other, non-Latinx",6225,0,0,0,0,0,0,0,0
6/18/22,17-Dec,Unknown,,3251,,2487,,630,,0,
7/2/22,11-May,"White, non-Latinx",43777,26686,0.6,24707,0.6,4493,0.1,0,0
12/10/22,11-May,"Black, non-Latinx",66458,24340,0.4,19632,0.3,2479,0,1221,0
9/9/23,17-Dec,"Asian, non-Latinx",8804,8082,0.9,7534,0.9,3610,0.4,1822,0.2
7/9/22,11-May,"White, non-Latinx",43777,26749,0.6,24776,0.6,4828,0.1,0,0
8/19/23,17-Dec,"Black, non-Latinx",57964,34422,0.6,29555,0.5,6769,0.1,4486,0.1
1/23/21,11-May,"Black, non-Latinx",66458,0,0,0,0,0,0,0,0
1/22/22,17-Dec,Latinx,76627,64356,0.8,55796,0.7,6412,0.1,0,0
4/8/23,17-Dec,"White, non-Latinx",35643,26428,0.7,24170,0.7,11967,0.3,7357,0.2
1/8/22,17-Dec,All,180859,129783,0.7,112933,0.6,8581,0,0,0
1/28/23,17-Dec,Latinx,76627,70045,0.9,62988,0.8,20511,0.3,8593,0.1
10/15/22,11-May,All,210448,116115,0.6,101479,0.5,20922,0.1,85,0
5/21/22,11-May,"Other, non-Latinx",6225,3635,0.6,3036,0.5,14,0,0,0
12/18/21,17-Dec,"Asian, non-Latinx",8804,7435,0.8,6973,0.8,170,0,0,0
3/27/21,17-Dec,Latinx,76627,386,0,89,0,0,0,0,0
2/4/23,17-Dec,"White, non-Latinx",35643,26408,0.7,24155,0.7,11967,0.3,6996,0.2
11/19/22,11-May,"Asian, non-Latinx",10651,8136,0.8,7563,0.7,2073,0.2,830,0.1
6/11/22,11-May,Latinx,83432,46379,0.6,40699,0.5,1015,0,0,0
4/10/21,11-May,"White, non-Latinx",43777,0,0,0,0,0,0,0,0
12/24/22,11-May,Unknown,,3936,,3044,,669,,464,
3/5/22,17-Dec,Latinx,76627,67554,0.9,60728,0.8,12557,0.2,0,0
10/1/22,17-Dec,Unknown,,3346,,2525,,742,,90,
3/12/22,17-Dec,All,180859,141957,0.8,126261,0.7,30389,0.2,0,0
10/8/22,11-May,Unknown,,3827,,2990,,650,,0,
8/21/21,11-May,Latinx,83432,0,0,0,0,0,0,0,0
6/12/21,17-Dec,"White, non-Latinx",35643,17373,0.5,13078,0.4,0,0,0,0
2/26/22,17-Dec,All,180859,141219,0.8,124690,0.7,28723,0.2,0,0
2/12/22,17-Dec,All,180859,139642,0.8,121765,0.7,26095,0.1,0,0
1/30/21,17-Dec,"Other, non-Latinx",3047,2,0,1,0,0,0,0,0
10/29/22,11-May,Latinx,83432,49071,0.6,42892,0.5,6986,0.1,725,0
12/11/21,17-Dec,"White, non-Latinx",35643,23937,0.7,22030,0.6,234,0,0,0
2/6/21,11-May,"Black, non-Latinx",66458,0,0,0,0,0,0,0,0
8/13/22,11-May,"Black, non-Latinx",66458,23272,0.4,18808,0.3,1630,0,0,0
10/22/22,11-May,Latinx,83432,48990,0.6,42837,0.5,6973,0.1,307,0
2/19/22,11-May,"Black, non-Latinx",66458,20226,0.3,14794,0.2,38,0,0,0
9/11/21,17-Dec,All,180859,107196,0.6,90371,0.5,139,0,0,0
4/16/22,17-Dec,"Asian, non-Latinx",8804,7886,0.9,7436,0.8,2917,0.3,0,0
11/12/22,17-Dec,Unknown,,3389,,2528,,742,,256,
6/19/21,17-Dec,Latinx,76627,29540,0.4,20273,0.3,0,0,0,0
5/7/22,11-May,All,210448,108682,0.5,94778,0.4,411,0,0,0
1/30/21,11-May,"White, non-Latinx",43777,0,0,0,0,0,0,0,0
3/12/22,11-May,"White, non-Latinx",43777,25631,0.6,23530,0.5,99,0,0,0
8/14/21,17-Dec,"Other, non-Latinx",3047,3068,1,2211,0.7,1,0,0,0
5/6/23,11-May,"Asian, non-Latinx",10651,8258,0.8,7660,0.7,2077,0.2,1855,0.2
9/4/21,11-May,"Other, non-Latinx",6225,0,0,0,0,0,0,0,0
1/1/22,11-May,"Black, non-Latinx",66458,12057,0.2,7038,0.1,11,0,0,0
5/8/21,11-May,"Asian, non-Latinx",10651,0,0,0,0,0,0,0,0
5/1/21,17-Dec,Unknown,,257,,55,,0,,0,
10/9/21,17-Dec,"White, non-Latinx",35643,22947,0.6,20911,0.6,42,0,0,0
10/9/21,17-Dec,All,180859,113716,0.6,99302,0.5,223,0,0,0
6/17/23,17-Dec,All,180859,148482,0.8,131162,0.7,44588,0.2,26059,0.1
6/17/23,11-May,"White, non-Latinx",43777,27855,0.6,25935,0.6,8399,0.2,8350,0.2
1/23/21,11-May,Latinx,83432,0,0,0,0,0,0,0,0
1/1/22,11-May,"Other, non-Latinx",6225,2344,0.4,1608,0.3,1,0,0,0
12/3/22,11-May,"Other, non-Latinx",6225,3980,0.6,3284,0.5,506,0.1,317,0.1
4/15/23,0-4,"Black, non-Latinx",47946,3286,0.1,1056,0,4,0,403,0
3/12/22,11-May,"Asian, non-Latinx",10651,7364,0.7,6713,0.6,40,0,0,0
5/20/23,11-May,"White, non-Latinx",43777,27834,0.6,25934,0.6,8398,0.2,8168,0.2
8/26/23,17-Dec,All,180859,149032,0.8,131166,0.7,44596,0.2,28196,0.2
3/12/22,11-May,"Other, non-Latinx",6225,3486,0.6,2875,0.5,3,0,0,0
11/26/22,11-May,Latinx,83432,49433,0.6,43125,0.5,7018,0.1,2622,0
9/18/21,11-May,"White, non-Latinx",43777,0,0,0,0,0,0,0,0
1/15/22,11-May,Latinx,83432,33693,0.4,21574,0.3,85,0,0,0
9/4/21,17-Dec,"Asian, non-Latinx",8804,6847,0.8,6216,0.7,6,0,0,0
7/2/22,17-Dec,Latinx,76627,68604,0.9,62236,0.8,17045,0.2,0,0
1/14/23,11-May,"Other, non-Latinx",6225,4026,0.6,3312,0.5,510,0.1,433,0.1
2/19/22,11-May,Unknown,,3304,,2542,,5,,0,
5/7/22,17-Dec,"Asian, non-Latinx",8804,7897,0.9,7450,0.8,2978,0.3,0,0
10/22/22,11-May,"Black, non-Latinx",66458,24024,0.4,19399,0.3,2455,0,109,0
5/29/21,17-Dec,"Asian, non-Latinx",8804,4056,0.5,1122,0.1,0,0,0,0
1/14/23,17-Dec,All,180859,147336,0.8,130839,0.7,44551,0.2,20232,0.1
1/1/22,17-Dec,"Other, non-Latinx",3047,4643,1,3631,1,110,0,0,0
8/27/22,11-May,"Asian, non-Latinx",10651,7998,0.8,7407,0.7,1829,0.2,0,0
10/1/22,17-Dec,"White, non-Latinx",35643,26225,0.7,24122,0.7,11954,0.3,1558,0
2/4/23,11-May,Unknown,,3967,,3060,,669,,546,
4/17/21,17-Dec,"Black, non-Latinx",57964,705,0,142,0,0,0,0,0
9/24/22,17-Dec,Unknown,,3341,,2524,,742,,61,
4/2/22,17-Dec,"Black, non-Latinx",57964,32540,0.6,28025,0.5,4307,0.1,0,0
6/11/22,17-Dec,Latinx,76627,68478,0.9,62108,0.8,16241,0.2,0,0
5/20/23,11-May,Unknown,,4003,,3065,,670,,660,
10/9/21,17-Dec,Latinx,76627,55160,0.7,48478,0.6,117,0,0,0
3/19/22,17-Dec,"Black, non-Latinx",57964,32377,0.6,27727,0.5,4126,0.1,0,0
9/17/22,11-May,"Black, non-Latinx",66458,23744,0.4,19158,0.3,2202,0,0,0
7/3/21,17-Dec,"White, non-Latinx",35643,18699,0.5,16179,0.5,0,0,0,0
11/26/22,11-May,Unknown,,3917,,3030,,669,,359,
8/6/22,17-Dec,Latinx,76627,68910,0.9,62462,0.8,18910,0.2,0,0
3/5/22,11-May,Latinx,83432,44187,0.5,37210,0.4,164,0,0,0
3/11/23,17-Dec,Unknown,,3439,,2540,,745,,427,
1/7/23,11-May,"Other, non-Latinx",6225,4014,0.6,3308,0.5,509,0.1,423,0.1
1/14/23,17-Dec,Latinx,76627,69979,0.9,62968,0.8,20509,0.3,8123,0.1
7/23/22,11-May,"Black, non-Latinx",66458,22907,0.3,18588,0.3,1180,0,0,0
9/25/21,11-May,"Black, non-Latinx",66458,0,0,0,0,0,0,0,0
8/27/22,17-Dec,Latinx,76627,69097,0.9,62583,0.8,20247,0.3,0,0
6/12/21,11-May,"Other, non-Latinx",6225,0,0,0,0,0,0,0,0
8/12/23,11-May,"White, non-Latinx",43777,27887,0.6,25936,0.6,8400,0.2,8676,0.2
3/18/23,11-May,"White, non-Latinx",43777,27799,0.6,25919,0.6,8396,0.2,7703,0.2
5/14/22,17-Dec,"Asian, non-Latinx",8804,7902,0.9,7452,0.8,2995,0.3,0,0
6/19/21,11-May,"White, non-Latinx",43777,0,0,0,0,0,0,0,0
1/29/22,11-May,Unknown,,3107,,2233,,4,,0,
7/29/23,17-Dec,"Black, non-Latinx",57964,34384,0.6,29555,0.5,6766,0.1,4306,0.1
9/16/23,17-Dec,Latinx,76627,71268,0.9,63136,0.8,20533,0.3,13166,0.2
3/13/21,17-Dec,"Asian, non-Latinx",8804,54,0,24,0,0,0,0,0
6/5/21,11-May,"Black, non-Latinx",66458,0,0,0,0,0,0,0,0
3/18/23,17-Dec,"Asian, non-Latinx",8804,8068,0.9,7532,0.9,3610,0.4,1626,0.2
5/1/21,17-Dec,"Asian, non-Latinx",8804,1068,0.1,235,0,0,0,0,0
7/1/23,17-Dec,Unknown,,3460,,2541,,745,,487,
10/15/22,11-May,"Asian, non-Latinx",10651,8077,0.8,7512,0.7,2059,0.2,8,0
2/5/22,11-May,"Asian, non-Latinx",10651,7101,0.7,6134,0.6,34,0,0,0
12/17/22,17-Dec,"Black, non-Latinx",57964,34031,0.6,29413,0.5,6748,0.1,2542,0
4/15/23,11-May,"Asian, non-Latinx",10651,8249,0.8,7656,0.7,2077,0.2,1806,0.2
9/25/21,11-May,All,210448,0,0,0,0,0,0,0,0
3/11/23,11-May,"Black, non-Latinx",66458,24679,0.4,19895,0.3,2497,0,2130,0
1/15/22,11-May,"Black, non-Latinx",66458,15635,0.2,8921,0.1,20,0,0,0
1/23/21,11-May,Unknown,,0,,0,,0,,0,
2/13/21,11-May,"Asian, non-Latinx",10651,0,0,0,0,0,0,0,0
6/10/23,11-May,"Asian, non-Latinx",10651,8271,0.8,7660,0.7,2078,0.2,1943,0.2
2/18/23,17-Dec,Latinx,76627,70159,0.9,63022,0.8,20513,0.3,9176,0.1
1/14/23,11-May,"White, non-Latinx",43777,27740,0.6,25863,0.6,8393,0.2,6960,0.2
3/5/22,11-May,"Asian, non-Latinx",10651,7322,0.7,6663,0.6,40,0,0,0
7/17/21,11-May,"Black, non-Latinx",66458,0,0,0,0,0,0,0,0
9/25/21,17-Dec,"Asian, non-Latinx",8804,6982,0.8,6497,0.7,7,0,0,0
4/29/23,11-May,"Other, non-Latinx",6225,4089,0.7,3356,0.5,511,0.1,545,0.1
1/8/22,17-Dec,Latinx,76627,61939,0.8,54603,0.7,2641,0,0,0
1/14/23,0-4,"Black, non-Latinx",47946,2815,0.1,932,0,2,0,94,0
6/18/22,17-Dec,Latinx,76627,68519,0.9,62153,0.8,16470,0.2,0,0
9/2/23,11-May,"Asian, non-Latinx",10651,8310,0.8,7660,0.7,2079,0.2,2133,0.2
1/21/23,17-Dec,Unknown,,3430,,2539,,743,,392,
7/3/21,11-May,"Black, non-Latinx",66458,0,0,0,0,0,0,0,0
5/27/23,17-Dec,Unknown,,3455,,2541,,745,,467,
6/18/22,11-May,All,210448,110590,0.5,96665,0.5,6611,0,0,0
2/26/22,17-Dec,Unknown,,3141,,2394,,498,,0,
1/7/23,11-May,All,210448,118151,0.6,102947,0.5,21172,0.1,15408,0.1
9/24/22,11-May,"Other, non-Latinx",6225,3884,0.6,3238,0.5,477,0.1,0,0
10/29/22,17-Dec,Latinx,76627,69483,0.9,62814,0.8,20485,0.3,3294,0
9/2/23,17-Dec,Latinx,76627,71202,0.9,63136,0.8,20533,0.3,13060,0.2
7/29/23,17-Dec,Latinx,76627,70958,0.9,63135,0.8,20533,0.3,12395,0.2
2/11/23,11-May,"Other, non-Latinx",6225,4048,0.6,3331,0.5,510,0.1,481,0.1
3/18/23,11-May,All,210448,119146,0.6,103705,0.5,21219,0.1,19268,0.1
3/6/21,17-Dec,"White, non-Latinx",35643,131,0,49,0,0,0,0,0
1/28/23,17-Dec,Unknown,,3433,,2539,,745,,396,
7/9/22,11-May,"Other, non-Latinx",6225,3719,0.6,3103,0.5,242,0,0,0
9/10/22,17-Dec,Latinx,76627,69161,0.9,62642,0.8,20419,0.3,135,0
1/14/23,11-May,"Asian, non-Latinx",10651,8206,0.8,7611,0.7,2075,0.2,1520,0.1
8/27/22,17-Dec,"Black, non-Latinx",57964,33636,0.6,29117,0.5,6632,0.1,0,0
12/26/20,11-May,"Other, non-Latinx",6225,0,0,0,0,0,0,0,0
9/17/22,11-May,"Asian, non-Latinx",10651,8029,0.8,7465,0.7,1940,0.2,0,0
5/6/23,17-Dec,"White, non-Latinx",35643,26433,0.7,24171,0.7,11967,0.3,7445,0.2
6/10/23,17-Dec,"Black, non-Latinx",57964,34319,0.6,29554,0.5,6763,0.1,4026,0.1
4/30/22,11-May,"Other, non-Latinx",6225,3596,0.6,2996,0.5,3,0,0,0
4/22/23,17-Dec,Unknown,,3448,,2541,,745,,450,
4/24/21,17-Dec,"Black, non-Latinx",57964,1376,0,239,0,0,0,0,0
5/13/23,17-Dec,Unknown,,3453,,2541,,745,,462,
9/18/21,17-Dec,"Asian, non-Latinx",8804,6941,0.8,6434,0.7,6,0,0,0
11/13/21,17-Dec,"Other, non-Latinx",3047,4307,1,3395,1,13,0,0,0
1/2/21,18-29,Latinx,147161,1333,0,0,0,0,0,0,0
12/25/21,11-May,"Other, non-Latinx",6225,2178,0.4,1475,0.2,1,0,0,0
12/31/22,11-May,"Black, non-Latinx",66458,24414,0.4,19696,0.3,2489,0,1499,0
5/15/21,11-May,"Asian, non-Latinx",10651,0,0,0,0,0,0,0,0
7/24/21,11-May,"Black, non-Latinx",66458,0,0,0,0,0,0,0,0
1/22/22,17-Dec,"White, non-Latinx",35643,25347,0.7,22915,0.6,6982,0.2,0,0
5/29/21,17-Dec,Unknown,,1189,,261,,0,,0,
2/6/21,11-May,Latinx,83432,0,0,0,0,0,0,0,0
5/14/22,11-May,"White, non-Latinx",43777,26187,0.6,24186,0.6,107,0,0,0
4/16/22,11-May,"Other, non-Latinx",6225,3570,0.6,2978,0.5,3,0,0,0
8/26/23,17-Dec,"White, non-Latinx",35643,26454,0.7,24175,0.7,11968,0.3,7819,0.2
1/29/22,17-Dec,Unknown,,3006,,2257,,403,,0,
11/27/21,17-Dec,Unknown,,2570,,2027,,3,,0,
2/20/21,11-May,Unknown,,0,,0,,0,,0,
3/26/22,11-May,Latinx,83432,44930,0.5,38921,0.5,179,0,0,0
12/18/21,17-Dec,Latinx,76627,59859,0.8,53509,0.7,624,0,0,0
3/18/23,17-Dec,Latinx,76627,70309,0.9,63078,0.8,20516,0.3,9963,0.1
1/7/23,17-Dec,Latinx,76627,69938,0.9,62955,0.8,20507,0.3,7790,0.1
11/19/22,17-Dec,"White, non-Latinx",35643,26337,0.7,24139,0.7,11961,0.3,5115,0.1
2/6/21,50-64,"Asian, non-Latinx",27117,2732,0.1,1338,0,0,0,0,0
8/7/21,17-Dec,"Other, non-Latinx",3047,2899,1,2103,0.7,0,0,0,0
12/24/22,17-Dec,"Other, non-Latinx",3047,5369,1,4214,1,968,0.3,366,0.1
11/12/22,11-May,All,210448,116979,0.6,102121,0.5,21099,0.1,7186,0
7/22/23,11-May,Latinx,83432,51172,0.6,43943,0.5,7092,0.1,8823,0.1
9/11/21,11-May,Unknown,,0,,0,,0,,0,
10/29/22,17-Dec,"Black, non-Latinx",57964,33891,0.6,29322,0.5,6741,0.1,1289,0
1/9/21,17-Dec,"Asian, non-Latinx",8804,2,0,0,0,0,0,0,0
9/18/21,11-May,"Other, non-Latinx",6225,0,0,0,0,0,0,0,0
12/11/21,17-Dec,"Other, non-Latinx",3047,4451,1,3554,1,20,0,0,0
10/22/22,17-Dec,"Asian, non-Latinx",8804,8023,0.9,7518,0.9,3610,0.4,568,0.1
7/8/23,17-Dec,"Black, non-Latinx",57964,34353,0.6,29555,0.5,6764,0.1,4182,0.1
12/10/22,17-Dec,Latinx,76627,69777,0.9,62899,0.8,20501,0.3,6415,0.1
7/1/23,11-May,"Other, non-Latinx",6225,4118,0.7,3357,0.5,512,0.1,610,0.1
5/20/23,17-Dec,Unknown,,3455,,2541,,745,,464,
12/24/22,17-Dec,"Black, non-Latinx",57964,34038,0.6,29423,0.5,6748,0.1,2627,0
3/4/23,17-Dec,Latinx,76627,70231,0.9,63055,0.8,20514,0.3,9598,0.1
1/21/23,11-May,All,210448,118401,0.6,103130,0.5,21193,0.1,16447,0.1
9/4/21,17-Dec,All,180859,105387,0.6,87139,0.5,113,0,0,0
6/25/22,17-Dec,"Black, non-Latinx",57964,33174,0.6,28728,0.5,5346,0.1,0,0
3/13/21,11-May,"Black, non-Latinx",66458,0,0,0,0,0,0,0,0
7/30/22,11-May,Latinx,83432,47381,0.6,41410,0.5,3605,0,0,0
3/5/22,11-May,All,210448,104835,0.5,88831,0.4,354,0,0,0
1/30/21,17-Dec,Latinx,76627,17,0,2,0,0,0,0,0
9/18/21,17-Dec,Unknown,,2297,,1801,,1,,0,
7/3/21,11-May,Latinx,83432,0,0,0,0,0,0,0,0
7/24/21,11-May,"White, non-Latinx",43777,0,0,0,0,0,0,0,0
1/7/23,11-May,Latinx,83432,49822,0.6,43414,0.5,7038,0.1,4583,0.1
4/22/23,17-Dec,All,180859,148077,0.8,131153,0.7,44575,0.2,24490,0.1
3/19/22,11-May,Unknown,,3402,,2697,,5,,0,
4/1/23,11-May,Latinx,83432,50405,0.6,43867,0.5,7075,0.1,6819,0.1
12/31/22,17-Dec,"Asian, non-Latinx",8804,8057,0.9,7523,0.9,3610,0.4,1387,0.2
1/16/21,17-Dec,"White, non-Latinx",35643,6,0,2,0,0,0,0,0
7/8/23,17-Dec,Latinx,76627,70855,0.9,63134,0.8,20533,0.3,11990,0.2
7/10/21,17-Dec,"Asian, non-Latinx",8804,5799,0.7,4779,0.5,0,0,0,0
1/9/21,17-Dec,All,180859,18,0,2,0,0,0,0,0
3/6/21,17-Dec,Unknown,,12,,2,,0,,0,
10/9/21,17-Dec,Unknown,,2383,,1892,,1,,0,
5/29/21,11-May,Unknown,,0,,0,,0,,0,
10/2/21,17-Dec,"Other, non-Latinx",3047,3952,1,3065,1,7,0,0,0
3/25/23,17-Dec,"White, non-Latinx",35643,26425,0.7,24168,0.7,11967,0.3,7295,0.2
5/14/22,17-Dec,"Other, non-Latinx",3047,5193,1,4136,1,782,0.3,0,0
3/25/23,17-Dec,"Asian, non-Latinx",8804,8070,0.9,7533,0.9,3610,0.4,1644,0.2
1/7/23,17-Dec,"Asian, non-Latinx",8804,8059,0.9,7524,0.9,3610,0.4,1472,0.2
12/25/21,17-Dec,Unknown,,2695,,2113,,53,,0,
7/16/22,17-Dec,"Asian, non-Latinx",8804,7960,0.9,7490,0.9,3373,0.4,0,0
4/1/23,17-Dec,"Asian, non-Latinx",8804,8071,0.9,7533,0.9,3610,0.4,1652,0.2
6/18/22,11-May,Unknown,,3583,,2822,,238,,0,
7/22/23,17-Dec,Latinx,76627,70928,0.9,63135,0.8,20533,0.3,12263,0.2
12/24/22,17-Dec,All,180859,147103,0.8,130773,0.7,44537,0.2,18175,0.1
10/15/22,17-Dec,All,180859,146182,0.8,130441,0.7,44479,0.2,6188,0
8/20/22,17-Dec,"White, non-Latinx",35643,26159,0.7,24094,0.7,11842,0.3,0,0
9/18/21,17-Dec,All,180859,109207,0.6,93741,0.5,159,0,0,0
7/3/21,11-May,All,210448,0,0,0,0,0,0,0,0
7/15/23,11-May,Unknown,,4019,,3065,,670,,723,
8/27/22,17-Dec,"Asian, non-Latinx",8804,7993,0.9,7510,0.9,3604,0.4,0,0
8/26/23,11-May,"White, non-Latinx",43777,27897,0.6,25936,0.6,8400,0.2,8754,0.2
12/18/21,11-May,Unknown,,2253,,1508,,0,,0,
5/8/21,17-Dec,"Other, non-Latinx",3047,485,0.2,149,0,0,0,0,0
12/11/21,17-Dec,Unknown,,2623,,2080,,8,,0,
1/7/23,17-Dec,"White, non-Latinx",35643,26396,0.7,24150,0.7,11965,0.3,6752,0.2
7/10/21,17-Dec,"Other, non-Latinx",3047,2257,0.7,1717,0.6,0,0,0,0
5/1/21,11-May,"Black, non-Latinx",66458,0,0,0,0,0,0,0,0
1/7/23,0-4,"Black, non-Latinx",47946,2758,0.1,913,0,2,0,69,0
11/12/22,11-May,"Other, non-Latinx",6225,3952,0.6,3273,0.5,505,0.1,228,0
1/8/22,11-May,Unknown,,2638,,1897,,3,,0,
2/20/21,17-Dec,Latinx,76627,54,0,13,0,0,0,0,0
11/12/22,17-Dec,"Other, non-Latinx",3047,5346,1,4202,1,967,0.3,251,0.1
6/4/22,11-May,"Other, non-Latinx",6225,3663,0.6,3061,0.5,113,0,0,0
7/16/22,11-May,"Other, non-Latinx",6225,3740,0.6,3115,0.5,269,0,0,0
7/31/21,17-Dec,"Black, non-Latinx",57964,14785,0.3,11089,0.2,0,0,0,0
12/19/20,11-May,"Black, non-Latinx",66458,0,0,0,0,0,0,0,0
8/21/21,17-Dec,"Asian, non-Latinx",8804,6658,0.8,5958,0.7,1,0,0,0
2/13/21,17-Dec,Latinx,76627,43,0,5,0,0,0,0,0
2/19/22,17-Dec,"Black, non-Latinx",57964,31634,0.5,26479,0.5,3505,0.1,0,0
10/1/22,17-Dec,Latinx,76627,69315,0.9,62717,0.8,20462,0.3,1255,0
1/8/22,30-49,"Black, non-Latinx",197825,118546,0.6,105014,0.5,28741,0.1,0,0
10/9/21,11-May,"Black, non-Latinx",66458,0,0,0,0,0,0,0,0
5/7/22,11-May,"Other, non-Latinx",6225,3608,0.6,3006,0.5,3,0,0,0
3/11/23,17-Dec,All,180859,147757,0.8,131039,0.7,44563,0.2,22981,0.1
2/18/23,17-Dec,"Asian, non-Latinx",8804,8067,0.9,7529,0.9,3610,0.4,1567,0.2
11/20/21,11-May,Latinx,83432,14583,0.2,4,0,0,0,0,0
8/13/22,11-May,Latinx,83432,47824,0.6,41712,0.5,4670,0.1,0,0
2/6/21,11-May,Unknown,,0,,0,,0,,0,
9/4/21,17-Dec,"Black, non-Latinx",57964,19578,0.3,15146,0.3,20,0,0,0
9/2/23,11-May,"Other, non-Latinx",6225,4152,0.7,3358,0.5,512,0.1,672,0.1
6/25/22,11-May,Unknown,,3598,,2836,,279,,0,
5/15/21,11-May,Unknown,,0,,0,,0,,0,
9/10/22,17-Dec,"Other, non-Latinx",3047,5292,1,4194,1,966,0.3,11,0
2/26/22,11-May,"Black, non-Latinx",66458,20618,0.3,15515,0.2,42,0,0,0
1/23/21,11-May,"Other, non-Latinx",6225,0,0,0,0,0,0,0,0
7/3/21,11-May,"Asian, non-Latinx",10651,0,0,0,0,0,0,0,0
4/9/22,17-Dec,"Black, non-Latinx",57964,32612,0.6,28108,0.5,4377,0.1,0,0
10/2/21,17-Dec,"Black, non-Latinx",57964,21718,0.4,17812,0.3,43,0,0,0
3/26/22,17-Dec,Latinx,76627,67869,0.9,61430,0.8,13748,0.2,0,0
2/18/23,11-May,"White, non-Latinx",43777,27779,0.6,25906,0.6,8395,0.2,7441,0.2
6/26/21,17-Dec,Unknown,,1560,,1132,,0,,0,
10/2/21,17-Dec,All,180859,112417,0.6,97658,0.5,206,0,0,0
6/3/23,17-Dec,"White, non-Latinx",35643,26437,0.7,24172,0.7,11968,0.3,7534,0.2
2/27/21,11-May,All,210448,0,0,0,0,0,0,0,0
5/6/23,17-Dec,"Asian, non-Latinx",8804,8073,0.9,7534,0.9,3610,0.4,1695,0.2
3/19/22,17-Dec,"Asian, non-Latinx",8804,7854,0.9,7401,0.8,2768,0.3,0,0
12/26/20,65+,"Black, non-Latinx",125967,143,0,0,0,0,0,0,0
12/26/20,17-Dec,"Black, non-Latinx",57964,1,0,0,0,0,0,0,0
6/5/21,17-Dec,All,180859,57919,0.3,24557,0.1,0,0,0,0
9/2/23,17-Dec,All,180859,149080,0.8,131167,0.7,44597,0.2,28341,0.2
7/23/22,11-May,Latinx,83432,47184,0.6,41297,0.5,3186,0,0,0
6/18/22,17-Dec,"Other, non-Latinx",3047,5221,1,4160,1,836,0.3,0,0
4/24/21,11-May,All,210448,0,0,0,0,0,0,0,0
10/9/21,17-Dec,"Other, non-Latinx",3047,4014,1,3130,1,7,0,0,0
12/11/21,17-Dec,All,180859,123421,0.7,109370,0.6,799,0,0,0
9/25/21,17-Dec,Latinx,76627,53817,0.7,46776,0.6,103,0,0,0
6/11/22,11-May,Unknown,,3563,,2815,,180,,0,
2/11/23,17-Dec,"White, non-Latinx",35643,26413,0.7,24156,0.7,11967,0.3,7045,0.2
4/1/23,11-May,"Black, non-Latinx",66458,24742,0.4,19932,0.3,2499,0,2255,0
6/17/23,17-Dec,Unknown,,3458,,2541,,745,,479,
3/6/21,17-Dec,Latinx,76627,111,0,34,0,0,0,0,0
10/9/21,11-May,"White, non-Latinx",43777,0,0,0,0,0,0,0,0
1/2/21,17-Dec,"Other, non-Latinx",3047,1,0,0,0,0,0,0,0
7/30/22,17-Dec,"White, non-Latinx",35643,26131,0.7,24070,0.7,11547,0.3,0,0
5/21/22,11-May,All,210448,109383,0.5,95446,0.5,895,0,0,0
7/2/22,11-May,All,210448,111145,0.5,97214,0.5,8888,0,0,0
6/17/23,17-Dec,Latinx,76627,70757,0.9,63134,0.8,20532,0.3,11674,0.2
1/30/21,18-29,Latinx,147161,5344,0,1740,0,0,0,0,0
1/7/23,17-Dec,All,180859,147254,0.8,130816,0.7,44545,0.2,19685,0.1
8/21/21,11-May,"Black, non-Latinx",66458,0,0,0,0,0,0,0,0
9/16/23,11-May,"Other, non-Latinx",6225,4154,0.7,3358,0.5,512,0.1,675,0.1
6/17/23,17-Dec,"Asian, non-Latinx",8804,8077,0.9,7534,0.9,3610,0.4,1743,0.2
2/12/22,17-Dec,"Black, non-Latinx",57964,31300,0.5,25926,0.4,3324,0.1,0,0
10/29/22,17-Dec,All,180859,146408,0.8,130509,0.7,44506,0.2,9246,0.1
3/26/22,17-Dec,Unknown,,3185,,2451,,542,,0,
4/24/21,11-May,"Asian, non-Latinx",10651,0,0,0,0,0,0,0,0
5/15/21,17-Dec,"Black, non-Latinx",57964,3874,0.1,1219,0,0,0,0,0
4/29/23,11-May,Latinx,83432,50598,0.6,43937,0.5,7081,0.1,7374,0.1
8/21/21,17-Dec,"White, non-Latinx",35643,21463,0.6,18901,0.5,12,0,0,0
5/14/22,17-Dec,Latinx,76627,68297,0.9,61942,0.8,15434,0.2,0,0
11/19/22,11-May,"White, non-Latinx",43777,27600,0.6,25745,0.6,8384,0.2,4441,0.1
3/4/23,11-May,Latinx,83432,50253,0.6,43745,0.5,7065,0.1,6265,0.1
7/29/23,11-May,Latinx,83432,51228,0.6,43944,0.5,7092,0.1,8970,0.1
4/2/22,11-May,Latinx,83432,45082,0.5,39193,0.5,183,0,0,0
7/1/23,17-Dec,All,180859,148580,0.8,131163,0.7,44590,0.2,26455,0.1
12/3/22,17-Dec,All,180859,146889,0.8,130677,0.7,44526,0.2,15704,0.1
4/23/22,17-Dec,"Other, non-Latinx",3047,5174,1,4127,1,760,0.2,0,0
9/4/21,17-Dec,Latinx,76627,51084,0.7,41832,0.5,61,0,0,0
5/29/21,17-Dec,"White, non-Latinx",35643,15964,0.4,4186,0.1,0,0,0,0
4/29/23,11-May,"Black, non-Latinx",66458,24795,0.4,19967,0.3,2505,0,2424,0
1/2/21,50-64,"Other, non-Latinx",3063,245,0.1,0,0,0,0,0,0
2/26/22,17-Dec,"White, non-Latinx",35643,25809,0.7,23707,0.7,9216,0.3,0,0
5/1/21,11-May,Latinx,83432,0,0,0,0,0,0,0,0
8/28/21,11-May,"Black, non-Latinx",66458,0,0,0,0,0,0,0,0
8/13/22,17-Dec,"Asian, non-Latinx",8804,7983,0.9,7502,0.9,3528,0.4,0,0
9/18/21,11-May,Latinx,83432,0,0,0,0,0,0,0,0
10/16/21,17-Dec,Latinx,76627,55706,0.7,49216,0.6,125,0,0,0
3/25/23,11-May,All,210448,119212,0.6,103747,0.5,21224,0.1,19539,0.1
6/10/23,17-Dec,"White, non-Latinx",35643,26442,0.7,24172,0.7,11968,0.3,7559,0.2
5/20/23,17-Dec,"Black, non-Latinx",57964,34282,0.6,29553,0.5,6763,0.1,3917,0.1
5/13/23,11-May,Unknown,,4000,,3065,,670,,652,
8/12/23,17-Dec,Latinx,76627,71064,0.9,63135,0.8,20533,0.3,12699,0.2
12/4/21,11-May,"Asian, non-Latinx",10651,4462,0.4,1900,0.2,1,0,0,0
2/26/22,17-Dec,Latinx,76627,67405,0.9,60240,0.8,12051,0.2,0,0
4/9/22,11-May,Latinx,83432,45261,0.5,39441,0.5,187,0,0,0
11/19/22,17-Dec,"Black, non-Latinx",57964,33958,0.6,29364,0.5,6744,0.1,1884,0
6/19/21,11-May,"Other, non-Latinx",6225,0,0,0,0,0,0,0,0
7/3/21,17-Dec,All,180859,72973,0.4,57845,0.3,0,0,0,0
1/2/21,17-Dec,Unknown,,1,,0,,0,,0,
4/16/22,17-Dec,Latinx,76627,68087,0.9,61713,0.8,14652,0.2,0,0
7/10/21,17-Dec,All,180859,75534,0.4,61083,0.3,0,0,0,0
4/16/22,17-Dec,"White, non-Latinx",35643,25955,0.7,23903,0.7,10010,0.3,0,0
7/8/23,11-May,"Asian, non-Latinx",10651,8278,0.8,7660,0.7,2079,0.2,2004,0.2
3/6/21,11-May,All,210448,0,0,0,0,0,0,0,0
3/13/21,11-May,Unknown,,0,,0,,0,,0,
7/29/23,17-Dec,"Other, non-Latinx",3047,5428,1,4226,1,970,0.3,533,0.2
2/4/23,17-Dec,"Black, non-Latinx",57964,34124,0.6,29467,0.5,6754,0.1,3213,0.1
4/15/23,11-May,Latinx,83432,50483,0.6,43923,0.5,7078,0.1,7097,0.1
12/17/22,11-May,All,210448,117817,0.6,102690,0.5,21159,0.1,13330,0.1
7/31/21,17-Dec,Latinx,76627,40761,0.5,32211,0.4,0,0,0,0
4/24/21,17-Dec,"White, non-Latinx",35643,3412,0.1,793,0,0,0,0,0
8/13/22,11-May,"Other, non-Latinx",6225,3826,0.6,3163,0.5,366,0.1,0,0
10/23/21,11-May,"Black, non-Latinx",66458,0,0,0,0,0,0,0,0
1/1/22,11-May,"Asian, non-Latinx",10651,5942,0.6,4285,0.4,22,0,0,0
8/26/23,17-Dec,"Other, non-Latinx",3047,5433,1,4226,1,970,0.3,551,0.2
5/15/21,17-Dec,Latinx,76627,10902,0.1,3390,0,0,0,0,0
2/6/21,11-May,All,210448,0,0,0,0,0,0,0,0
6/11/22,11-May,"White, non-Latinx",43777,26472,0.6,24491,0.6,2898,0.1,0,0
9/18/21,17-Dec,Latinx,76627,52982,0.7,45581,0.6,87,0,0,0
4/10/21,17-Dec,Unknown,,67,,20,,0,,0,
10/15/22,11-May,"White, non-Latinx",43777,27427,0.6,25611,0.6,8327,0.2,48,0
10/2/21,11-May,Unknown,,0,,0,,0,,0,
1/8/22,17-Dec,"Other, non-Latinx",3047,4734,1,3666,1,207,0.1,0,0
5/8/21,17-Dec,Unknown,,305,,101,,0,,0,
1/22/22,11-May,"Asian, non-Latinx",10651,6833,0.6,5474,0.5,31,0,0,0
7/1/23,11-May,"White, non-Latinx",43777,27868,0.6,25935,0.6,8399,0.2,8433,0.2
8/13/22,11-May,Unknown,,3731,,2903,,471,,0,
5/21/22,11-May,Latinx,83432,46066,0.6,40363,0.5,256,0,0,0
4/2/22,11-May,"Other, non-Latinx",6225,3539,0.6,2947,0.5,3,0,0,0
11/5/22,17-Dec,All,180859,146510,0.8,130532,0.7,44509,0.2,10596,0.1
10/9/21,17-Dec,"Black, non-Latinx",57964,22165,0.4,18306,0.3,48,0,0,0
10/9/21,11-May,All,210448,0,0,0,0,0,0,0,0
1/21/23,11-May,Latinx,83432,49932,0.6,43507,0.5,7049,0.1,5088,0.1
11/5/22,11-May,"Other, non-Latinx",6225,3940,0.6,3268,0.5,503,0.1,174,0
6/24/23,11-May,"Black, non-Latinx",66458,24871,0.4,19968,0.3,2507,0,2735,0
3/27/21,17-Dec,"Black, non-Latinx",57964,176,0,57,0,0,0,0,0
5/21/22,17-Dec,"Black, non-Latinx",57964,32951,0.6,28461,0.5,4859,0.1,0,0
1/30/21,17-Dec,All,180859,76,0,12,0,0,0,0,0
6/26/21,11-May,Latinx,83432,0,0,0,0,0,0,0,0
4/30/22,11-May,Unknown,,3480,,2764,,5,,0,
5/7/22,17-Dec,All,180859,143375,0.8,128229,0.7,34462,0.2,0,0
6/19/21,17-Dec,"Black, non-Latinx",57964,10238,0.2,6938,0.1,0,0,0,0
2/19/22,17-Dec,Latinx,76627,67103,0.9,59646,0.8,11359,0.1,0,0
7/16/22,11-May,"Asian, non-Latinx",10651,7828,0.7,7218,0.7,1157,0.1,0,0
3/26/22,17-Dec,"Other, non-Latinx",3047,5151,1,4118,1,728,0.2,0,0
4/17/21,11-May,Unknown,,0,,0,,0,,0,
1/23/21,11-May,"White, non-Latinx",43777,0,0,0,0,0,0,0,0
1/14/23,11-May,All,210448,118304,0.6,103043,0.5,21180,0.1,15959,0.1
11/19/22,11-May,All,210448,117209,0.6,102231,0.5,21118,0.1,8813,0
8/14/21,11-May,"White, non-Latinx",43777,0,0,0,0,0,0,0,0
3/18/23,17-Dec,"Other, non-Latinx",3047,5399,1,4221,1,970,0.3,457,0.2
5/6/23,17-Dec,Latinx,76627,70539,0.9,63133,0.8,20523,0.3,10984,0.1
7/29/23,17-Dec,"Asian, non-Latinx",8804,8079,0.9,7534,0.9,3610,0.4,1774,0.2
9/17/22,17-Dec,"Other, non-Latinx",3047,5296,1,4194,1,966,0.3,34,0
3/26/22,11-May,Unknown,,3415,,2714,,5,,0,
8/14/21,17-Dec,Unknown,,2065,,1520,,0,,0,
5/29/21,17-Dec,Latinx,76627,22341,0.3,5923,0.1,0,0,0,0
12/24/22,17-Dec,"White, non-Latinx",35643,26378,0.7,24149,0.7,11965,0.3,6438,0.2
12/18/21,17-Dec,Unknown,,2652,,2091,,31,,0,
7/24/21,17-Dec,Latinx,76627,38208,0.5,30877,0.4,0,0,0,0
12/4/21,11-May,All,210448,53712,0.3,24044,0.1,35,0,0,0
5/21/22,17-Dec,Unknown,,3235,,2474,,592,,0,
2/18/23,11-May,Unknown,,3972,,3060,,669,,559,
12/26/20,17-Dec,"Other, non-Latinx",3047,1,0,0,0,0,0,0,0
7/3/21,11-May,Unknown,,0,,0,,0,,0,
7/30/22,17-Dec,"Black, non-Latinx",57964,33424,0.6,28941,0.5,5984,0.1,0,0
12/24/22,11-May,Latinx,83432,49706,0.6,43326,0.5,7033,0.1,4012,0
4/16/22,11-May,All,210448,107749,0.5,93704,0.4,394,0,0,0
9/3/22,17-Dec,Unknown,,3328,,2518,,741,,1,
5/15/21,17-Dec,"Asian, non-Latinx",8804,2132,0.2,740,0.1,0,0,0,0
2/19/22,17-Dec,"Other, non-Latinx",3047,5101,1,4013,1,644,0.2,0,0
4/3/21,17-Dec,Latinx,76627,622,0,123,0,0,0,0,0
9/9/23,11-May,Unknown,,4034,,3065,,670,,781,
1/16/21,17-Dec,"Asian, non-Latinx",8804,5,0,0,0,0,0,0,0
11/5/22,17-Dec,Latinx,76627,69542,0.9,62823,0.8,20486,0.3,3814,0
12/25/21,11-May,"White, non-Latinx",43777,21239,0.5,17529,0.4,50,0,0,0
12/26/20,17-Dec,"White, non-Latinx",35643,2,0,0,0,0,0,0,0
2/18/23,11-May,"Asian, non-Latinx",10651,8233,0.8,7639,0.7,2076,0.2,1642,0.2
12/26/20,11-May,Latinx,83432,0,0,0,0,0,0,0,0
3/6/21,11-May,"White, non-Latinx",43777,0,0,0,0,0,0,0,0
9/9/23,11-May,All,210448,121024,0.6,103933,0.5,21267,0.1,25397,0.1
12/26/20,65+,"White, non-Latinx",135462,587,0,0,0,0,0,0,0
8/19/23,17-Dec,"White, non-Latinx",35643,26454,0.7,24175,0.7,11968,0.3,7807,0.2
9/25/21,11-May,"Other, non-Latinx",6225,0,0,0,0,0,0,0,0
4/29/23,0-4,"Black, non-Latinx",47946,3324,0.1,1059,0,4,0,462,0
9/3/22,11-May,All,210448,114916,0.5,100108,0.5,18310,0.1,0,0
7/24/21,17-Dec,"White, non-Latinx",35643,19824,0.6,17429,0.5,0,0,0,0
6/18/22,11-May,"Black, non-Latinx",66458,22553,0.3,18291,0.3,543,0,0,0
11/19/22,17-Dec,Latinx,76627,69616,0.9,62856,0.8,20489,0.3,4965,0.1
1/16/21,17-Dec,Unknown,,2,,0,,0,,0,
1/14/23,17-Dec,Unknown,,3428,,2538,,743,,385,
7/9/22,17-Dec,Unknown,,3266,,2493,,659,,0,
4/1/23,17-Dec,Latinx,76627,70367,0.9,63098,0.8,20519,0.3,10288,0.1
4/17/21,17-Dec,Latinx,76627,1985,0,336,0,0,0,0,0
8/21/21,11-May,Unknown,,0,,0,,0,,0,
4/29/23,17-Dec,"Black, non-Latinx",57964,34248,0.6,29552,0.5,6763,0.1,3798,0.1
1/8/22,17-Dec,"White, non-Latinx",35643,24821,0.7,22553,0.6,3628,0.1,0,0
6/11/22,17-Dec,Unknown,,3247,,2486,,619,,0,
11/20/21,17-Dec,"Black, non-Latinx",57964,24647,0.4,20464,0.4,78,0,0,0
5/20/23,11-May,Latinx,83432,50748,0.6,43939,0.5,7083,0.1,7781,0.1
2/4/23,17-Dec,"Asian, non-Latinx",8804,8066,0.9,7529,0.9,3610,0.4,1546,0.2
7/22/23,17-Dec,All,180859,148720,0.8,131165,0.7,44592,0.2,27016,0.1
12/26/20,17-Dec,All,180859,5,0,0,0,0,0,0,0
4/30/22,17-Dec,Unknown,,3220,,2464,,567,,0,
5/27/23,17-Dec,"Other, non-Latinx",3047,5417,1,4225,1,970,0.3,495,0.2
4/10/21,11-May,Unknown,,0,,0,,0,,0,
2/12/22,11-May,Unknown,,3254,,2453,,5,,0,
7/9/22,11-May,All,210448,111455,0.5,97498,0.5,9750,0,0,0
3/19/22,11-May,"Asian, non-Latinx",10651,7393,0.7,6749,0.6,41,0,0,0
3/13/21,17-Dec,All,180859,538,0,171,0,0,0,0,0
4/8/23,11-May,Unknown,,3985,,3064,,670,,608,
11/6/21,11-May,"Other, non-Latinx",6225,197,0,0,0,0,0,0,0
12/26/20,17-Dec,Latinx,76627,1,0,0,0,0,0,0,0
8/5/23,11-May,"White, non-Latinx",43777,27884,0.6,25936,0.6,8400,0.2,8638,0.2
6/5/21,11-May,Unknown,,0,,0,,0,,0,
8/6/22,11-May,"White, non-Latinx",43777,27027,0.6,25036,0.6,6231,0.1,0,0
12/11/21,11-May,"Other, non-Latinx",6225,1907,0.3,1176,0.2,1,0,0,0
6/12/21,17-Dec,Latinx,76627,27645,0.4,15893,0.2,0,0,0,0
3/6/21,11-May,"Black, non-Latinx",66458,0,0,0,0,0,0,0,0
4/16/22,17-Dec,"Other, non-Latinx",3047,5169,1,4125,1,758,0.2,0,0
8/7/21,17-Dec,Latinx,76627,43248,0.6,33728,0.4,0,0,0,0
1/30/21,17-Dec,Unknown,,3,,1,,0,,0,
2/4/23,11-May,"Other, non-Latinx",6225,4045,0.6,3327,0.5,510,0.1,468,0.1
12/4/21,17-Dec,"Other, non-Latinx",3047,4409,1,3505,1,16,0,0,0
7/30/22,11-May,"Asian, non-Latinx",10651,7903,0.7,7269,0.7,1398,0.1,0,0
3/11/23,11-May,Latinx,83432,50306,0.6,43788,0.5,7068,0.1,6421,0.1
11/13/21,11-May,"Black, non-Latinx",66458,3813,0.1,0,0,0,0,0,0
12/25/21,17-Dec,"Black, non-Latinx",57964,26457,0.5,22178,0.4,493,0,0,0
3/6/21,17-Dec,"Other, non-Latinx",3047,11,0,3,0,0,0,0,0
6/26/21,11-May,"White, non-Latinx",43777,0,0,0,0,0,0,0,0
4/8/23,17-Dec,Unknown,,3446,,2541,,745,,447,
1/16/21,17-Dec,All,180859,28,0,3,0,0,0,0,0
1/9/21,65+,Latinx,71039,650,0,29,0,0,0,0,0
12/4/21,17-Dec,Unknown,,2596,,2059,,5,,0,
2/5/22,17-Dec,"Asian, non-Latinx",8804,7753,0.9,7262,0.8,2242,0.3,0,0
1/1/22,17-Dec,"Asian, non-Latinx",8804,7532,0.9,7028,0.8,499,0.1,0,0
3/11/23,17-Dec,Latinx,76627,70254,0.9,63066,0.8,20514,0.3,9788,0.1
7/3/21,17-Dec,"Asian, non-Latinx",8804,5656,0.6,4521,0.5,0,0,0,0
2/11/23,11-May,Latinx,83432,50106,0.6,43639,0.5,7057,0.1,5723,0.1
12/17/22,17-Dec,"Asian, non-Latinx",8804,8052,0.9,7523,0.9,3610,0.4,1268,0.1
1/16/21,65+,"Other, non-Latinx",3206,472,0.1,39,0,0,0,0,0
2/18/23,11-May,"Black, non-Latinx",66458,24608,0.4,19848,0.3,2495,0,1969,0
10/1/22,11-May,"Black, non-Latinx",66458,23854,0.4,19269,0.3,2355,0,0,0
9/2/23,11-May,"Black, non-Latinx",66458,25013,0.4,19969,0.3,2511,0,3209,0
1/16/21,11-May,All,210448,0,0,0,0,0,0,0,0
9/10/22,11-May,Unknown,,3791,,2956,,574,,0,
10/8/22,17-Dec,"Asian, non-Latinx",8804,8016,0.9,7517,0.9,3610,0.4,352,0
3/27/21,11-May,"Black, non-Latinx",66458,0,0,0,0,0,0,0,0
3/25/23,11-May,Latinx,83432,50385,0.6,43842,0.5,7073,0.1,6688,0.1
1/1/22,11-May,Latinx,83432,26994,0.3,17278,0.2,58,0,0,0
3/20/21,17-Dec,All,180859,770,0,222,0,0,0,0,0
7/10/21,11-May,"Black, non-Latinx",66458,0,0,0,0,0,0,0,0
2/12/22,11-May,Latinx,83432,42135,0.5,32169,0.4,127,0,0,0
9/9/23,11-May,"White, non-Latinx",43777,27900,0.6,25936,0.6,8400,0.2,8785,0.2
4/29/23,17-Dec,"Asian, non-Latinx",8804,8073,0.9,7534,0.9,3610,0.4,1693,0.2
4/2/22,17-Dec,Latinx,76627,67949,0.9,61540,0.8,13994,0.2,0,0
9/10/22,11-May,Latinx,83432,48427,0.6,42299,0.5,5985,0.1,0,0
8/27/22,11-May,"Black, non-Latinx",66458,23549,0.4,18958,0.3,1959,0,0,0
12/10/22,11-May,"Other, non-Latinx",6225,3990,0.6,3291,0.5,506,0.1,352,0.1
7/23/22,11-May,Unknown,,3666,,2874,,396,,0,
9/25/21,17-Dec,Unknown,,2325,,1836,,1,,0,
7/10/21,11-May,"Other, non-Latinx",6225,0,0,0,0,0,0,0,0
3/4/23,17-Dec,"White, non-Latinx",35643,26418,0.7,24162,0.7,11967,0.3,7167,0.2
11/12/22,11-May,Latinx,83432,49249,0.6,43021,0.5,7006,0.1,1702,0
11/19/22,17-Dec,"Other, non-Latinx",3047,5348,1,4205,1,967,0.3,273,0.1
5/27/23,17-Dec,"White, non-Latinx",35643,26435,0.7,24172,0.7,11968,0.3,7516,0.2
7/22/23,0-4,"Black, non-Latinx",47946,3512,0.1,1061,0,4,0,919,0
8/14/21,17-Dec,"Black, non-Latinx",57964,16947,0.3,12483,0.2,0,0,0,0
10/30/21,11-May,Latinx,83432,0,0,0,0,0,0,0,0
6/3/23,17-Dec,Unknown,,3456,,2541,,745,,473,
8/14/21,11-May,Unknown,,0,,0,,0,,0,
2/25/23,11-May,"Black, non-Latinx",66458,24644,0.4,19861,0.3,2495,0,2035,0
4/8/23,11-May,"Other, non-Latinx",6225,4082,0.7,3353,0.5,511,0.1,529,0.1
7/31/21,17-Dec,"White, non-Latinx",35643,20293,0.6,17713,0.5,0,0,0,0
2/25/23,17-Dec,"Asian, non-Latinx",8804,8067,0.9,7530,0.9,3610,0.4,1581,0.2
9/9/23,11-May,Latinx,83432,51601,0.6,43945,0.5,7095,0.1,9779,0.1
3/5/22,11-May,"Other, non-Latinx",6225,3474,0.6,2833,0.5,3,0,0,0
5/7/22,11-May,"White, non-Latinx",43777,26115,0.6,24134,0.6,106,0,0,0
7/10/21,11-May,Latinx,83432,0,0,0,0,0,0,0,0
3/27/21,17-Dec,Unknown,,34,,10,,0,,0,
1/9/21,11-May,"Black, non-Latinx",66458,0,0,0,0,0,0,0,0
4/1/23,11-May,"Other, non-Latinx",6225,4075,0.7,3348,0.5,511,0.1,522,0.1
3/5/22,17-Dec,"Other, non-Latinx",3047,5130,1,4080,1,678,0.2,0,0
4/8/23,11-May,"Black, non-Latinx",66458,24760,0.4,19948,0.3,2501,0,2305,0
5/15/21,17-Dec,"White, non-Latinx",35643,9756,0.3,3101,0.1,0,0,0,0
3/25/23,17-Dec,"Black, non-Latinx",57964,34210,0.6,29522,0.5,6760,0.1,3599,0.1
6/26/21,11-May,"Other, non-Latinx",6225,0,0,0,0,0,0,0,0
3/25/23,11-May,"Asian, non-Latinx",10651,8244,0.8,7652,0.7,2077,0.2,1749,0.2
10/22/22,17-Dec,"Other, non-Latinx",3047,5319,1,4200,1,967,0.3,173,0.1
8/20/22,17-Dec,Latinx,76627,69054,0.9,62548,0.8,19951,0.3,0,0
10/1/22,17-Dec,"Asian, non-Latinx",8804,8012,0.9,7517,0.9,3609,0.4,282,0
7/17/21,17-Dec,"Black, non-Latinx",57964,12887,0.2,9963,0.2,0,0,0,0
5/28/22,17-Dec,"Asian, non-Latinx",8804,7918,0.9,7460,0.8,3089,0.4,0,0
8/26/23,11-May,Unknown,,4031,,3065,,670,,770,
1/22/22,11-May,"White, non-Latinx",43777,24269,0.6,20415,0.5,79,0,0,0
1/2/21,65+,"Asian, non-Latinx",26955,214,0,0,0,0,0,0,0
8/19/23,11-May,"White, non-Latinx",43777,27894,0.6,25936,0.6,8400,0.2,8730,0.2
2/25/23,17-Dec,"White, non-Latinx",35643,26416,0.7,24159,0.7,11967,0.3,7130,0.2
3/27/21,11-May,"Asian, non-Latinx",10651,0,0,0,0,0,0,0,0
4/3/21,17-Dec,"Asian, non-Latinx",8804,158,0,41,0,0,0,0,0
1/15/22,17-Dec,All,180859,132559,0.7,114263,0.6,13614,0.1,0,0
3/5/22,17-Dec,Unknown,,3154,,2421,,507,,0,
3/26/22,17-Dec,"White, non-Latinx",35643,25912,0.7,23851,0.7,9767,0.3,0,0
12/31/22,17-Dec,All,180859,147186,0.8,130798,0.7,44538,0.2,18932,0.1
6/18/22,11-May,"Asian, non-Latinx",10651,7730,0.7,7105,0.7,724,0.1,0,0
11/5/22,11-May,Latinx,83432,49164,0.6,42941,0.5,6997,0.1,1164,0
7/8/23,11-May,All,210448,120242,0.6,103925,0.5,21260,0.1,23159,0.1
8/13/22,11-May,All,210448,113706,0.5,99036,0.5,15378,0.1,0,0
4/10/21,11-May,"Asian, non-Latinx",10651,0,0,0,0,0,0,0,0
4/22/23,11-May,All,210448,119471,0.6,103914,0.5,21240,0.1,20548,0.1
12/19/20,17-Dec,Unknown,,0,,0,,0,,0,
6/10/23,17-Dec,Unknown,,3457,,2541,,745,,476,
10/8/22,17-Dec,Latinx,76627,69357,0.9,62752,0.8,20468,0.3,1694,0
3/20/21,17-Dec,"Black, non-Latinx",57964,115,0,34,0,0,0,0,0
3/19/22,11-May,"Black, non-Latinx",66458,21426,0.3,16810,0.3,47,0,0,0
8/12/23,11-May,"Asian, non-Latinx",10651,8292,0.8,7660,0.7,2079,0.2,2092,0.2
7/31/21,11-May,"Asian, non-Latinx",10651,0,0,0,0,0,0,0,0
3/25/23,17-Dec,All,180859,147882,0.8,131072,0.7,44571,0.2,23573,0.1
4/8/23,50-64,"White, non-Latinx",149921,119919,0.8,112922,0.8,82703,0.6,55027,0.4
6/5/21,17-Dec,"Asian, non-Latinx",8804,4452,0.5,1913,0.2,0,0,0,0
10/2/21,11-May,Latinx,83432,0,0,0,0,0,0,0,0
2/4/23,17-Dec,Unknown,,3435,,2539,,745,,399,
5/22/21,11-May,"Other, non-Latinx",6225,0,0,0,0,0,0,0,0
4/30/22,17-Dec,"Asian, non-Latinx",8804,7894,0.9,7445,0.8,2955,0.3,0,0
11/19/22,11-May,"Other, non-Latinx",6225,3964,0.6,3274,0.5,506,0.1,260,0
7/17/21,17-Dec,Latinx,76627,36330,0.5,29232,0.4,0,0,0,0
5/13/23,11-May,"Other, non-Latinx",6225,4098,0.7,3357,0.5,511,0.1,568,0.1
7/9/22,17-Dec,All,180859,144478,0.8,129295,0.7,39015,0.2,0,0
6/4/22,11-May,Latinx,83432,46278,0.6,40575,0.5,780,0,0,0
8/13/22,17-Dec,All,180859,145216,0.8,129817,0.7,42657,0.2,0,0
1/9/21,17-Dec,Latinx,76627,3,0,0,0,0,0,0,0
11/6/21,17-Dec,"Asian, non-Latinx",8804,7196,0.8,6722,0.8,10,0,0,0
5/29/21,17-Dec,All,180859,52686,0.3,13906,0.1,0,0,0,0
6/26/21,17-Dec,All,180859,69789,0.4,53688,0.3,0,0,0,0
1/30/21,11-May,"Asian, non-Latinx",10651,0,0,0,0,0,0,0,0
7/2/22,11-May,Unknown,,3614,,2849,,312,,0,
7/30/22,11-May,"Other, non-Latinx",6225,3783,0.6,3139,0.5,318,0.1,0,0
12/19/20,17-Dec,Latinx,76627,0,0,0,0,0,0,0,0
3/12/22,17-Dec,"Black, non-Latinx",57964,32269,0.6,27495,0.5,3984,0.1,0,0
3/13/21,11-May,"White, non-Latinx",43777,0,0,0,0,0,0,0,0
7/1/23,0-4,"Black, non-Latinx",47946,3466,0.1,1061,0,4,0,820,0
11/13/21,11-May,Latinx,83432,9279,0.1,0,0,0,0,0,0
1/29/22,11-May,"White, non-Latinx",43777,24689,0.6,21233,0.5,81,0,0,0
4/23/22,11-May,All,210448,108084,0.5,94081,0.4,400,0,0,0
1/28/23,11-May,"Asian, non-Latinx",10651,8220,0.8,7630,0.7,2076,0.2,1580,0.1
6/5/21,17-Dec,Latinx,76627,25158,0.3,9653,0.1,0,0,0,0
2/18/23,17-Dec,"White, non-Latinx",35643,26415,0.7,24157,0.7,11967,0.3,7090,0.2
9/9/23,11-May,"Other, non-Latinx",6225,4154,0.7,3358,0.5,512,0.1,675,0.1
8/13/22,17-Dec,Unknown,,3305,,2509,,718,,0,
10/2/21,17-Dec,Unknown,,2353,,1863,,1,,0,
3/13/21,11-May,"Other, non-Latinx",6225,0,0,0,0,0,0,0,0
8/28/21,17-Dec,"White, non-Latinx",35643,21823,0.6,19258,0.5,17,0,0,0
11/13/21,11-May,"Other, non-Latinx",6225,950,0.2,0,0,0,0,0,0
2/13/21,17-Dec,"Other, non-Latinx",3047,4,0,1,0,0,0,0,0
7/24/21,11-May,"Other, non-Latinx",6225,0,0,0,0,0,0,0,0
3/12/22,11-May,All,210448,105530,0.5,90230,0.4,364,0,0,0
10/22/22,11-May,Unknown,,3850,,3002,,664,,55,
11/27/21,17-Dec,All,180859,121512,0.7,106462,0.6,469,0,0,0
5/28/22,11-May,"Asian, non-Latinx",10651,7650,0.7,7018,0.7,315,0,0,0
4/10/21,17-Dec,All,180859,3337,0,659,0,0,0,0,0
8/6/22,11-May,"Black, non-Latinx",66458,23142,0.3,18718,0.3,1448,0,0,0
4/30/22,17-Dec,Latinx,76627,68188,0.9,61826,0.8,15048,0.2,0,0
6/18/22,17-Dec,"White, non-Latinx",35643,26079,0.7,24013,0.7,10932,0.3,0,0
3/4/23,17-Dec,"Black, non-Latinx",57964,34172,0.6,29506,0.5,6758,0.1,3445,0.1
8/12/23,11-May,Unknown,,4024,,3065,,670,,754,
10/16/21,17-Dec,"White, non-Latinx",35643,23055,0.6,21059,0.6,46,0,0,0
5/8/21,11-May,Latinx,83432,0,0,0,0,0,0,0,0
4/22/23,11-May,"Black, non-Latinx",66458,24778,0.4,19964,0.3,2505,0,2366,0
5/1/21,17-Dec,"Other, non-Latinx",3047,427,0.1,84,0,0,0,0,0
8/6/22,17-Dec,"White, non-Latinx",35643,26138,0.7,24078,0.7,11627,0.3,0,0
1/22/22,11-May,Unknown,,2991,,2119,,4,,0,
1/16/21,65+,"Asian, non-Latinx",26955,724,0,117,0,0,0,0,0
12/26/20,50-64,"Asian, non-Latinx",27117,517,0,0,0,0,0,0,0
12/31/22,18-29,Unknown,,21106,,15074,,3617,,2201,
11/19/22,0-4,"Black, non-Latinx",47946,2371,0,742,0,1,0,0,0
12/19/20,18-29,Latinx,147161,285,0,0,0,0,0,0,0
1/9/21,65+,"White, non-Latinx",135462,3007,0,323,0,0,0,0,0
7/16/22,0-4,"Black, non-Latinx",47946,600,0,0,0,0,0,0,0
1/2/21,30-49,"Asian, non-Latinx",64910,3039,0,0,0,0,0,0,0
6/17/23,30-49,"Asian, non-Latinx",64910,55922,0.9,50103,0.8,35304,0.5,19490,0.3
12/26/20,65+,Unknown,,43,,0,,0,,0,
6/25/22,0-4,All,162797,1954,0,0,0,0,0,0,0
1/21/23,0-4,"Black, non-Latinx",47946,2859,0.1,946,0,2,0,110,0
11/19/22,50-64,"Black, non-Latinx",145449,120140,0.8,111670,0.8,69141,0.5,22760,0.2
4/24/21,50-64,"Other, non-Latinx",3063,6753,1,4172,1,0,0,0,0
7/9/22,0-4,All,162797,7294,0,1,0,0,0,0,0
1/1/22,65+,Unknown,,10375,,8460,,2964,,0,
10/8/22,0-4,Latinx,54903,4803,0.1,1375,0,5,0,0,0
5/14/22,30-49,"Black, non-Latinx",197825,128699,0.7,116608,0.6,44752,0.2,0,0
3/26/22,30-49,All,809519,676266,0.8,616215,0.8,326587,0.4,0,0
1/9/21,65+,"Asian, non-Latinx",26955,422,0,53,0,0,0,0,0
3/20/21,18-29,"Black, non-Latinx",139472,8099,0.1,3744,0,0,0,0,0
11/5/22,0-4,"Black, non-Latinx",47946,2209,0,648,0,0,0,0,0
6/3/23,0-4,"Black, non-Latinx",47946,3397,0.1,1060,0,4,0,655,0
9/25/21,50-64,"White, non-Latinx",149921,109731,0.7,104950,0.7,2629,0,0,0
6/17/23,0-4,"Black, non-Latinx",47946,3433,0.1,1060,0,4,0,744,0
9/2/23,0-4,"Black, non-Latinx",47946,3618,0.1,1064,0,4,0,1114,0
8/6/22,0-4,"Black, non-Latinx",47946,1009,0,92,0,0,0,0,0
8/13/22,0-4,"Black, non-Latinx",47946,1155,0,129,0,0,0,0,0
4/8/23,0-4,"Black, non-Latinx",47946,3267,0.1,1051,0,3,0,385,0
12/3/22,0-4,"Black, non-Latinx",47946,2485,0.1,804,0,1,0,0,0
1/23/21,18-29,Latinx,147161,4170,0,1112,0,0,0,0,0
2/13/21,50-64,"Asian, non-Latinx",27117,3355,0.1,1644,0.1,0,0,0,0
6/3/23,30-49,"White, non-Latinx",310259,242457,0.8,222269,0.7,155097,0.5,101229,0.3
8/20/22,0-4,"Black, non-Latinx",47946,1295,0,168,0,0,0,0,0
1/23/21,65+,"Asian, non-Latinx",26955,1394,0.1,189,0,0,0,0,0
1/9/21,18-29,"Black, non-Latinx",139472,867,0,122,0,0,0,0,0
1/9/21,50-64,"Asian, non-Latinx",27117,1170,0,262,0,0,0,0,0
3/11/23,0-4,"Black, non-Latinx",47946,3151,0.1,1020,0,2,0,288,0
7/2/22,0-4,"Black, non-Latinx",47946,257,0,0,0,0,0,0,0
3/4/23,0-4,"Black, non-Latinx",47946,3117,0.1,1015,0,2,0,265,0
7/23/22,0-4,"Black, non-Latinx",47946,740,0,22,0,0,0,0,0
7/24/21,50-64,"Black, non-Latinx",145449,95787,0.7,87819,0.6,0,0,0,0
12/3/22,30-49,"White, non-Latinx",310259,241303,0.8,222103,0.7,155073,0.5,84581,0.3
1/2/21,65+,Latinx,71039,291,0,0,0,0,0,0,0
1/30/21,50-64,"Asian, non-Latinx",27117,2242,0.1,1007,0,0,0,0,0
7/9/22,0-4,"White, non-Latinx",42995,4208,0.1,0,0,0,0,0,0
9/3/22,0-4,"Black, non-Latinx",47946,1472,0,218,0,0,0,0,0
1/9/21,65+,"Other, non-Latinx",3206,314,0.1,28,0,0,0,0,0
1/16/21,18-29,"Black, non-Latinx",139472,1186,0,278,0,0,0,0,0
12/26/20,65+,Latinx,71039,62,0,0,0,0,0,0,0
3/20/21,50-64,"Other, non-Latinx",3063,2957,1,1505,0.5,0,0,0,0
1/2/21,65+,Unknown,,113,,0,,0,,0,
2/18/23,0-4,"Black, non-Latinx",47946,3031,0.1,990,0,2,0,212,0
12/19/20,65+,All,362629,441,0,0,0,0,0,0,0
10/29/22,0-4,Latinx,54903,5361,0.1,1772,0,7,0,0,0
12/19/20,50-64,"Other, non-Latinx",3063,55,0,0,0,0,0,0,0
10/22/22,0-4,"Black, non-Latinx",47946,2048,0,550,0,0,0,0,0
10/15/22,0-4,Latinx,54903,4995,0.1,1516,0,6,0,0,0
4/1/23,0-4,"Black, non-Latinx",47946,3246,0.1,1042,0,3,0,367,0
8/19/23,0-4,"Black, non-Latinx",47946,3584,0.1,1061,0,4,0,1055,0
1/16/21,65+,"White, non-Latinx",135462,5197,0,632,0,0,0,0,0
12/26/20,30-49,"Asian, non-Latinx",64910,2165,0,0,0,0,0,0,0
2/4/23,0-4,"Black, non-Latinx",47946,2945,0.1,969,0,2,0,157,0
12/26/20,65+,All,362629,986,0,0,0,0,0,0,0
1/2/21,50-64,Latinx,114048,920,0,0,0,0,0,0,0
1/16/21,65+,"Black, non-Latinx",125967,2605,0,157,0,0,0,0,0
12/17/22,0-4,"Black, non-Latinx",47946,2632,0.1,873,0,1,0,9,0
10/29/22,0-4,"Black, non-Latinx",47946,2126,0,602,0,0,0,0,0
1/23/21,50-64,"Asian, non-Latinx",27117,1786,0.1,750,0,0,0,0,0
5/13/23,0-4,"Black, non-Latinx",47946,3361,0.1,1060,0,4,0,544,0
8/27/22,0-4,"Black, non-Latinx",47946,1395,0,193,0,0,0,0,0
12/26/20,18-29,"Black, non-Latinx",139472,277,0,0,0,0,0,0,0
7/9/22,0-4,"Black, non-Latinx",47946,418,0,0,0,0,0,0,0
1/16/21,65+,All,362629,10680,0,1055,0,0,0,0,0
9/17/22,0-4,"Black, non-Latinx",47946,1644,0,294,0,0,0,0,0
1/16/21,65+,Latinx,71039,1305,0,66,0,0,0,0,0
5/27/23,0-4,"Black, non-Latinx",47946,3390,0.1,1060,0,4,0,628,0
12/19/20,30-49,"Asian, non-Latinx",64910,1068,0,0,0,0,0,0,0
7/2/22,0-4,All,162797,5053,0,0,0,0,0,0,0
1/9/21,65+,All,362629,6129,0,524,0,0,0,0,0
12/26/20,65+,"Other, non-Latinx",3206,36,0,0,0,0,0,0,0
7/29/23,0-4,"Black, non-Latinx",47946,3527,0.1,1061,0,4,0,958,0
12/26/20,50-64,Latinx,114048,400,0,0,0,0,0,0,0
4/17/21,50-64,"Other, non-Latinx",3063,6025,1,3604,1,0,0,0,0
1/2/21,65+,"White, non-Latinx",135462,1585,0,0,0,0,0,0,0
8/12/23,0-4,"Black, non-Latinx",47946,3560,0.1,1061,0,4,0,1025,0
12/24/22,0-4,"Black, non-Latinx",47946,2680,0.1,894,0,1,0,22,0
9/24/22,0-4,"Black, non-Latinx",47946,1748,0,356,0,0,0,0,0
12/10/22,0-4,"Black, non-Latinx",47946,2563,0.1,846,0,1,0,0,0
12/19/20,30-49,Unknown,,581,,0,,0,,0,
12/19/20,65+,Unknown,,21,,0,,0,,0,
1/16/21,18-29,Latinx,147161,3144,0,655,0,0,0,0,0
6/24/23,0-4,"Black, non-Latinx",47946,3445,0.1,1060,0,4,0,773,0
10/15/22,0-4,"Black, non-Latinx",47946,1969,0,492,0,0,0,0,0
1/9/21,50-64,Latinx,114048,1539,0,184,0,0,0,0,0
1/23/21,65+,All,362629,26074,0.1,1874,0,0,0,0,0
12/19/20,65+,"Asian, non-Latinx",26955,48,0,0,0,0,0,0,0
1/16/21,50-64,"Asian, non-Latinx",27117,1502,0.1,519,0,0,0,0,0
11/12/22,0-4,"Black, non-Latinx",47946,2287,0,685,0,0,0,0,0
12/19/20,65+,"Other, non-Latinx",3206,23,0,0,0,0,0,0,0
12/31/22,0-4,"Black, non-Latinx",47946,2713,0.1,904,0,1,0,31,0
7/9/22,0-4,"Asian, non-Latinx",9998,670,0.1,0,0,0,0,0,0
10/22/22,0-4,Latinx,54903,5192,0.1,1645,0,7,0,0,0
1/23/21,65+,"Other, non-Latinx",3206,734,0.2,63,0,0,0,0,0
7/8/23,0-4,"Black, non-Latinx",47946,3483,0.1,1061,0,4,0,855,0
10/8/22,0-4,"Black, non-Latinx",47946,1900,0,452,0,0,0,0,0
6/25/22,0-4,Latinx,54903,253,0,0,0,0,0,0,0